Data,Iprec
1,0.2
1.04,0.6
1.08,0.4
1.13,0
1.17,0
1.21,0
1.25,0
1.29,0
1.33,0
1.38,0
1.42,0
1.46,0
1.5,0
1.54,0
1.58,0
1.63,0
1.67,0
1.71,0
1.75,0
1.79,0
1.83,0
1.88,0
1.92,0
1.96,0
2,0
2.04,0.4
2.08,0.2
2.13,0
2.17,0
2.21,0.2
2.25,0
2.29,0
2.33,0
2.38,0
2.42,0
2.46,0
2.5,0.2
2.54,0
2.58,0
2.63,0
2.67,0
2.71,0
2.75,0
2.79,0
2.83,0
2.88,0.2
2.92,0
2.96,0
3,0
3.04,0
3.08,0
3.13,0.2
3.17,0.2
3.21,0.4
3.25,0
3.29,0
3.33,0
3.38,0
3.42,0
3.46,0.2
3.5,0
3.54,0
3.58,0
3.63,0
3.67,0
3.71,0
3.75,0
3.79,0
3.83,0
3.88,0
3.92,0
3.96,0
4,0
4.04,0
4.08,0
4.13,0
4.17,0
4.21,0
4.25,0
4.29,0
4.33,0
4.38,0
4.42,0
4.46,0
4.5,0
4.54,0
4.58,0
4.63,0
4.67,0
4.71,0
4.75,0
4.79,0
4.83,0.2
4.88,0.2
4.92,0.2
4.96,0.4
5,0.4
5.04,0
5.08,0
5.13,0
5.17,0
5.21,0
5.25,0
5.29,0
5.33,0.2
5.38,0
5.42,0
5.46,0
5.5,0.2
5.54,0.2
5.58,1.2
5.63,1
5.67,0.6
5.71,0.8
5.75,0.8
5.79,1.2
5.83,1
5.88,0.8
5.92,0
5.96,0.2
6,0
6.04,0
6.08,0
6.13,0
6.17,0
6.21,0
6.25,0
6.29,0.2
6.33,0.2
6.38,0
6.42,0
6.46,0.2
6.5,0
6.54,0
6.58,0
6.63,0
6.67,0
6.71,0
6.75,0
6.79,0
6.83,0
6.88,0
6.92,0
6.96,0
7,0
7.04,0
7.08,0
7.13,0
7.17,0
7.21,0
7.25,0
7.29,0
7.33,0
7.38,0
7.42,0
7.46,0
7.5,0
7.54,0
7.58,0
7.63,0
7.67,0
7.71,0
7.75,0
7.79,0
7.83,0
7.88,0
7.92,0
7.96,0
8,0
8.04,0
8.08,0
8.13,0
8.17,0
8.21,0
8.25,0
8.29,0
8.33,0
8.38,0
8.42,0
8.46,0
8.5,0
8.54,0
8.58,0
8.63,0
8.67,0
8.71,0
8.75,0
8.79,0
8.83,0
8.88,0
8.92,0
8.96,0
9,0.4
9.04,0
9.08,0
9.13,0
9.17,0
9.21,0
9.25,0
9.29,0
9.33,0
9.38,0
9.42,0
9.46,0
9.5,0
9.54,0.2
9.58,0.2
9.63,0.6
9.67,1.2
9.71,1
9.75,0.6
9.79,0.2
9.83,0
9.88,0.4
9.92,0.2
9.96,0
10,0
10.04,0
10.08,0
10.13,0.4
10.17,0.6
10.21,0.6
10.25,1
10.29,0.8
10.33,0.4
10.38,0.2
10.42,0
10.46,0
10.5,0
10.54,0.2
10.58,0.6
10.63,0.2
10.67,0.4
10.71,0.4
10.75,1.4
10.79,1.6
10.83,2
10.88,1.6
10.92,0.2
10.96,0.2
11,0
11.04,0.4
11.08,0
11.13,0
11.17,0.2
11.21,0
11.25,0
11.29,0
11.33,0
11.38,0
11.42,0
11.46,0
11.5,0
11.54,0
11.58,0
11.63,0
11.67,0
11.71,0
11.75,0
11.79,0
11.83,0
11.88,0
11.92,0
11.96,0
12,0
12.04,0
12.08,0
12.13,0
12.17,0.4
12.21,1.4
12.25,2.2
12.29,2
12.33,0.6
12.38,0
12.42,0.6
12.46,0
12.5,0.2
12.54,2.2
12.58,1.2
12.63,1.6
12.67,2.2
12.71,2.8
12.75,3.8
12.79,2.6
12.83,3.4
12.88,3.2
12.92,3.8
12.96,3.2
13,3.8
13.04,4.4
13.08,4.8
13.13,6
13.17,7.8
13.21,0.8
13.25,0
13.29,0
13.33,0.6
13.38,0
13.42,0
13.46,0
13.5,3.4
13.54,0.2
13.58,0
13.63,0
13.67,0
13.71,0
13.75,0
13.79,0
13.83,0
13.88,0.6
13.92,0.2
13.96,0.2
14,0
14.04,0
14.08,0
14.13,0
14.17,0
14.21,0
14.25,0
14.29,0
14.33,0
14.38,0
14.42,0
14.46,0
14.5,0.2
14.54,0
14.58,0
14.63,0
14.67,0
14.71,0
14.75,0
14.79,0
14.83,0.6
14.88,0
14.92,1.4
14.96,2.6
15,3.2
15.04,3.2
15.08,2.2
15.13,2.2
15.17,1.4
15.21,3.6
15.25,2.4
15.29,0
15.33,0.2
15.38,0.2
15.42,0.4
15.46,0.8
15.5,0.2
15.54,0.2
15.58,1.2
15.63,0.2
15.67,1.4
15.71,3
15.75,0
15.79,0
15.83,0
15.88,1.2
15.92,0
15.96,0
16,0
16.04,0
16.08,0.2
16.13,0
16.17,0
16.21,0
16.25,0
16.29,0
16.33,0
16.38,0
16.42,0
16.46,0
16.5,0
16.54,0.2
16.58,0
16.63,0
16.67,0
16.71,0
16.75,0
16.79,0
16.83,0.6
16.88,0.8
16.92,0.4
16.96,0
17,0.2
17.04,0.4
17.08,0.4
17.13,0.2
17.17,0.2
17.21,0.2
17.25,0.2
17.29,0.2
17.33,0
17.38,0
17.42,0
17.46,0
17.5,0
17.54,0
17.58,0
17.63,0
17.67,0
17.71,0
17.75,0.4
17.79,0.2
17.83,0
17.88,0
17.92,0.2
17.96,0.2
18,0
18.04,0.2
18.08,0.2
18.13,0
18.17,0
18.21,0
18.25,0
18.29,0
18.33,0
18.38,0
18.42,0
18.46,0
18.5,0
18.54,0
18.58,0
18.63,0
18.67,0
18.71,0
18.75,0
18.79,0
18.83,0
18.88,0
18.92,0
18.96,0
19,0
19.04,0
19.08,0
19.13,0
19.17,0
19.21,0
19.25,0
19.29,0
19.33,0
19.38,0
19.42,0
19.46,0
19.5,0
19.54,0
19.58,0
19.63,0
19.67,0
19.71,0
19.75,0.2
19.79,0.6
19.83,0
19.88,0.4
19.92,1
19.96,1
20,4
20.04,0.4
20.08,0.8
20.13,0
20.17,0
20.21,0.2
20.25,0.2
20.29,0
20.33,0
20.38,0.4
20.42,0
20.46,0
20.5,0
20.54,0
20.58,0
20.63,0
20.67,0.2
20.71,0
20.75,0
20.79,0
20.83,0
20.88,0
20.92,0
20.96,0
21,0
21.04,0
21.08,0
21.13,0
21.17,0
21.21,0
21.25,0
21.29,0
21.33,0
21.38,0
21.42,0
21.46,0
21.5,0
21.54,0
21.58,0
21.63,0
21.67,0
21.71,0
21.75,0
21.79,0
21.83,0
21.88,0
21.92,0
21.96,0
22,0
22.04,0
22.08,0
22.13,0
22.17,0
22.21,0
22.25,0
22.29,0.2
22.33,0
22.38,0
22.42,0
22.46,0
22.5,0
22.54,0.2
22.58,0.2
22.63,0
22.67,0.2
22.71,0
22.75,0.2
22.79,0
22.83,0
22.88,0
22.92,0
22.96,0
23,0
23.04,0
23.08,0
23.13,0
23.17,0
23.21,0
23.25,0
23.29,0
23.33,0
23.38,0
23.42,0
23.46,0
23.5,0
23.54,0
23.58,0
23.63,0
23.67,0
23.71,0
23.75,0
23.79,0
23.83,0
23.88,0
23.92,0
23.96,0
24,0
24.04,0
24.08,0
24.13,0
24.17,0
24.21,0
24.25,0
24.29,0
24.33,0
24.38,0
24.42,0
24.46,0
24.5,0
24.54,0
24.58,0
24.63,0
24.67,0
24.71,0
24.75,0
24.79,0
24.83,0
24.88,0
24.92,0
24.96,0
25,0
25.04,0
25.08,0
25.13,0
25.17,0
25.21,0
25.25,0
25.29,0
25.33,0
25.38,0
25.42,0
25.46,0
25.5,0
25.54,0
25.58,0
25.63,0
25.67,0
25.71,0
25.75,0
25.79,0
25.83,0
25.88,0
25.92,0
25.96,0
26,0
26.04,0
26.08,0
26.13,0
26.17,0
26.21,0
26.25,0
26.29,0
26.33,0
26.38,0
26.42,0
26.46,0
26.5,0
26.54,0
26.58,0
26.63,0
26.67,0
26.71,0
26.75,0
26.79,0
26.83,0
26.88,0
26.92,0
26.96,0
27,0
27.04,0
27.08,0
27.13,0
27.17,0
27.21,0
27.25,0
27.29,0
27.33,0
27.38,0
27.42,0
27.46,0
27.5,0
27.54,0
27.58,0
27.63,0
27.67,0
27.71,0
27.75,0
27.79,0
27.83,0
27.88,0
27.92,0
27.96,0
28,0
28.04,0
28.08,0
28.13,0
28.17,0
28.21,0
28.25,0
28.29,0
28.33,0
28.38,0
28.42,0
28.46,0
28.5,0
28.54,0
28.58,0
28.63,0
28.67,0
28.71,0
28.75,0
28.79,0
28.83,0
28.88,0
28.92,0
28.96,0
29,0
29.04,0
29.08,0
29.13,0
29.17,0
29.21,0
29.25,0
29.29,0
29.33,0
29.38,0
29.42,0
29.46,0
29.5,0
29.54,0
29.58,0
29.63,0
29.67,0
29.71,0
29.75,0
29.79,0
29.83,0
29.88,0
29.92,0
29.96,0
30,0
30.04,0
30.08,0
30.13,0
30.17,0
30.21,0
30.25,0
30.29,0
30.33,0
30.38,0
30.42,0
30.46,0
30.5,0
30.54,0
30.58,0
30.63,0
30.67,0
30.71,0
30.75,0
30.79,0
30.83,0
30.88,0
30.92,0
30.96,0
31,0
31.04,0
31.08,0
31.13,0
31.17,0
31.21,0
31.25,0
31.29,0
31.33,0
31.38,0
31.42,0
31.46,0
31.5,0
31.54,0
31.58,0
31.63,0
31.67,0
31.71,0
31.75,0
31.79,0
31.83,0
31.88,0
31.92,0
31.96,0
32,0
32.04,0
32.08,0
32.13,0
32.17,0
32.21,0
32.25,0
32.29,0.2
32.33,0
32.38,0.2
32.42,0
32.46,0.2
32.5,0
32.54,0
32.58,0
32.63,0
32.67,0
32.71,0
32.75,0
32.79,0
32.83,0
32.88,0
32.92,0
32.96,0.2
33,0
33.04,0
33.08,0
33.13,0
33.17,0
33.21,0
33.25,0
33.29,0
33.33,0
33.38,0
33.42,0
33.46,0
33.5,0
33.54,0
33.58,0
33.63,0
33.67,0
33.71,0
33.75,0
33.79,0
33.83,0
33.88,0
33.92,0
33.96,0
34,0
34.04,0
34.08,0
34.13,0
34.17,0
34.21,0
34.25,0
34.29,0
34.33,0
34.38,0
34.42,0
34.46,0
34.5,0
34.54,0
34.58,0
34.63,0
34.67,0
34.71,0
34.75,0
34.79,0
34.83,0
34.88,0
34.92,0
34.96,0
35,0
35.04,0
35.08,0
35.13,0
35.17,0
35.21,0
35.25,0
35.29,0
35.33,0
35.38,0
35.42,0
35.46,0
35.5,0
35.54,0
35.58,0
35.63,0
35.67,0
35.71,0
35.75,0
35.79,0
35.83,0
35.88,0
35.92,0
35.96,0
36,0
36.04,0
36.08,0
36.13,0
36.17,0
36.21,0
36.25,0
36.29,0
36.33,0
36.38,0
36.42,0
36.46,0
36.5,0
36.54,0
36.58,0
36.63,0
36.67,0
36.71,0
36.75,0
36.79,0
36.83,0
36.88,0
36.92,0
36.96,0
37,0
37.04,0
37.08,0
37.13,0
37.17,0
37.21,0
37.25,0
37.29,0
37.33,0
37.38,0
37.42,0
37.46,0
37.5,0
37.54,0
37.58,0
37.63,0
37.67,0
37.71,0
37.75,0
37.79,0
37.83,0
37.88,0
37.92,0
37.96,0
38,0
38.04,0
38.08,0
38.13,0
38.17,0
38.21,0
38.25,0
38.29,0
38.33,0
38.38,0
38.42,0
38.46,0
38.5,0
38.54,0
38.58,0.2
38.63,0.2
38.67,0
38.71,0
38.75,0.4
38.79,0.8
38.83,1.4
38.88,0
38.92,0
38.96,0
39,0
39.04,0.2
39.08,0.4
39.13,0
39.17,0
39.21,0.2
39.25,0
39.29,0
39.33,0.2
39.38,0
39.42,0.2
39.46,0
39.5,0
39.54,0
39.58,0
39.63,0
39.67,0
39.71,0
39.75,0
39.79,0
39.83,0
39.88,0
39.92,0
39.96,0
40,0
40.04,0
40.08,0
40.13,0
40.17,0
40.21,0
40.25,0
40.29,0
40.33,0
40.38,0
40.42,0
40.46,0
40.5,0
40.54,0
40.58,0
40.63,0
40.67,0
40.71,0
40.75,0
40.79,0
40.83,0
40.88,0
40.92,0
40.96,0
41,0
41.04,0
41.08,0
41.13,0
41.17,0
41.21,0
41.25,0
41.29,0
41.33,0
41.38,0
41.42,0
41.46,0
41.5,0
41.54,0
41.58,0
41.63,0
41.67,0
41.71,0
41.75,0
41.79,0
41.83,0
41.88,0
41.92,0
41.96,0
42,0
42.04,0
42.08,0
42.13,0
42.17,0
42.21,0
42.25,0.2
42.29,0
42.33,0
42.38,0.2
42.42,0
42.46,0
42.5,0.2
42.54,0
42.58,0
42.63,0
42.67,0
42.71,0
42.75,0
42.79,1.2
42.83,1.2
42.88,0.2
42.92,0.2
42.96,0.2
43,0
43.04,0
43.08,0
43.13,0
43.17,0
43.21,0
43.25,0
43.29,0
43.33,0
43.38,0
43.42,0
43.46,0
43.5,0
43.54,0
43.58,0
43.63,0
43.67,0
43.71,0
43.75,0
43.79,0
43.83,0
43.88,0
43.92,0
43.96,0
44,0
44.04,0
44.08,0.2
44.13,2
44.17,1.6
44.21,0.6
44.25,0.2
44.29,0.8
44.33,0.2
44.38,0
44.42,0
44.46,0
44.5,0
44.54,0
44.58,1.6
44.63,0.4
44.67,0.4
44.71,1.8
44.75,0.4
44.79,0.4
44.83,1.4
44.88,0.6
44.92,0
44.96,0
45,0
45.04,0
45.08,0
45.13,0.2
45.17,0
45.21,0
45.25,1.2
45.29,0.2
45.33,0
45.38,0.2
45.42,0
45.46,0
45.5,0
45.54,0.2
45.58,0
45.63,0
45.67,0.4
45.71,1
45.75,2.4
45.79,3.2
45.83,3.4
45.88,1
45.92,1.8
45.96,0
46,0
46.04,0
46.08,0
46.13,0
46.17,0.4
46.21,0.8
46.25,0
46.29,0.4
46.33,0
46.38,0
46.42,0.2
46.46,1.2
46.5,0
46.54,0.6
46.58,0.6
46.63,0.4
46.67,0
46.71,0.6
46.75,0.4
46.79,0.2
46.83,0
46.88,0
46.92,0.8
46.96,0.4
47,0.4
47.04,0.4
47.08,0
47.13,0
47.17,0
47.21,0.2
47.25,0.2
47.29,1
47.33,0.2
47.38,0.6
47.42,0.4
47.46,0.2
47.5,0.8
47.54,1.4
47.58,0.6
47.63,0.8
47.67,0.4
47.71,0
47.75,0.4
47.79,0.2
47.83,0
47.88,0.2
47.92,1.2
47.96,0.2
48,0
48.04,0
48.08,0
48.13,0
48.17,0
48.21,0
48.25,0
48.29,0
48.33,1.4
48.38,1
48.42,0.2
48.46,0.6
48.5,0
48.54,0.6
48.58,0
48.63,0
48.67,0
48.71,0
48.75,0
48.79,0
48.83,0
48.88,0
48.92,0
48.96,0
49,0
49.04,0
49.08,0
49.13,0
49.17,0
49.21,0
49.25,0
49.29,0
49.33,0
49.38,0
49.42,0
49.46,0
49.5,0
49.54,0
49.58,0
49.63,0
49.67,0
49.71,0
49.75,0
49.79,0
49.83,0
49.88,0
49.92,0
49.96,0
50,0
50.04,0
50.08,0
50.13,0
50.17,0
50.21,0
50.25,0
50.29,0
50.33,0
50.38,0
50.42,0
50.46,0
50.5,0
50.54,0
50.58,0
50.63,0
50.67,0
50.71,0
50.75,0
50.79,0
50.83,0
50.88,0
50.92,0
50.96,0
51,0
51.04,0
51.08,0
51.13,0
51.17,0
51.21,0
51.25,0
51.29,0
51.33,0
51.38,0
51.42,0
51.46,0
51.5,0
51.54,0
51.58,0
51.63,0
51.67,0
51.71,0
51.75,0
51.79,0
51.83,0
51.88,0
51.92,0
51.96,0
52,0
52.04,0
52.08,0
52.13,0
52.17,0
52.21,0
52.25,0
52.29,0
52.33,0
52.38,0
52.42,0
52.46,0
52.5,0
52.54,0
52.58,0
52.63,0
52.67,0
52.71,0
52.75,0
52.79,0
52.83,0
52.88,0
52.92,0
52.96,0
53,0
53.04,0
53.08,0
53.13,0
53.17,0
53.21,0
53.25,0
53.29,0
53.33,0
53.38,0
53.42,0
53.46,0
53.5,0
53.54,0
53.58,0
53.63,0
53.67,0
53.71,0
53.75,0
53.79,0
53.83,0
53.88,0
53.92,0
53.96,0
54,0
54.04,0
54.08,0.2
54.13,0
54.17,0
54.21,0
54.25,0
54.29,0
54.33,0
54.38,0
54.42,0
54.46,0
54.5,0
54.54,0
54.58,0
54.63,0
54.67,0
54.71,0
54.75,0
54.79,0
54.83,0.2
54.88,0
54.92,0
54.96,0.2
55,0.2
55.04,0
55.08,0
55.13,0
55.17,0
55.21,0.2
55.25,0.2
55.29,0
55.33,0
55.38,0
55.42,0
55.46,0
55.5,0
55.54,1.8
55.58,0
55.63,0.4
55.67,0
55.71,0
55.75,0
55.79,0
55.83,0
55.88,0
55.92,0
55.96,0
56,0
56.04,0
56.08,0
56.13,0
56.17,0
56.21,0
56.25,0
56.29,0
56.33,0
56.38,0
56.42,0
56.46,0
56.5,0
56.54,0
56.58,0
56.63,0
56.67,0
56.71,0
56.75,0
56.79,0
56.83,0
56.88,0
56.92,0
56.96,0
57,0.2
57.04,0
57.08,0.2
57.13,0
57.17,0
57.21,0
57.25,0
57.29,0
57.33,0
57.38,0
57.42,0
57.46,0
57.5,0
57.54,0
57.58,0
57.63,0
57.67,0
57.71,0
57.75,0
57.79,0
57.83,0
57.88,0
57.92,0
57.96,0
58,0
58.04,0
58.08,0
58.13,0
58.17,0
58.21,0
58.25,0
58.29,0
58.33,0
58.38,0
58.42,0
58.46,0
58.5,0
58.54,0
58.58,0
58.63,0
58.67,0
58.71,0
58.75,0
58.79,0
58.83,0
58.88,0
58.92,0
58.96,0
59,0.2
59.04,0.2
59.08,0
59.13,0
59.17,0
59.21,0
59.25,0
59.29,0
59.33,0
59.38,0
59.42,0
59.46,0
59.5,0
59.54,0
59.58,0
59.63,0
59.67,0
59.71,0
59.75,0
59.79,0
59.83,0
59.88,0
59.92,0
59.96,0
60,0
60.04,0
60.08,0
60.13,0
60.17,0
60.21,0
60.25,0
60.29,0
60.33,0
60.38,0
60.42,0
60.46,0.2
60.5,0
60.54,0
60.58,0
60.63,0
60.67,0
60.71,0
60.75,0
60.79,0
60.83,0
60.88,0
60.92,0
60.96,0
61,0
61.04,0
61.08,0
61.13,0
61.17,0
61.21,0
61.25,0
61.29,0
61.33,0
61.38,0
61.42,0
61.46,0
61.5,0
61.54,0
61.58,0
61.63,0
61.67,0
61.71,0
61.75,0
61.79,0
61.83,0
61.88,0
61.92,0
61.96,0
62,0
62.04,0
62.08,0
62.13,0
62.17,0
62.21,0
62.25,0
62.29,0
62.33,0
62.38,0
62.42,0
62.46,0
62.5,0
62.54,0
62.58,0
62.63,0
62.67,0
62.71,0
62.75,0
62.79,0
62.83,0
62.88,0
62.92,0
62.96,0
63,0
63.04,0
63.08,0
63.13,0
63.17,0
63.21,0
63.25,0
63.29,0
63.33,0
63.38,0
63.42,0
63.46,0
63.5,0
63.54,0
63.58,0
63.63,0
63.67,0
63.71,0
63.75,0
63.79,0
63.83,0
63.88,0
63.92,0
63.96,0.2
64,0.4
64.04,0.4
64.08,0
64.13,0
64.17,0.8
64.21,0
64.25,0.2
64.29,0.2
64.33,0
64.38,0.2
64.42,0
64.46,0
64.5,0.4
64.54,0
64.58,0
64.63,0
64.67,0
64.71,0.2
64.75,0
64.79,0
64.83,0
64.88,0
64.92,0
64.96,0
65,0
65.04,0
65.08,0
65.13,0
65.17,0
65.21,0
65.25,0
65.29,0
65.33,0
65.38,0
65.42,0
65.46,0
65.5,0
65.54,0
65.58,0
65.63,0.2
65.67,0
65.71,0
65.75,0
65.79,0
65.83,0
65.88,0
65.92,0
65.96,0.6
66,1.4
66.04,0.2
66.08,0.2
66.13,0.4
66.17,0
66.21,0
66.25,0.2
66.29,0.4
66.33,0.2
66.38,0
66.42,0
66.46,0.2
66.5,0.4
66.54,0.4
66.58,0.4
66.63,0.2
66.67,0
66.71,0
66.75,0
66.79,0
66.83,0
66.88,0
66.92,0
66.96,0
67,0
67.04,0
67.08,0
67.13,0.6
67.17,0.4
67.21,0.6
67.25,1.2
67.29,0.4
67.33,2.8
67.38,2.6
67.42,3.6
67.46,0.2
67.5,0
67.54,0
67.58,0
67.63,0.2
67.67,0
67.71,0
67.75,0
67.79,0
67.83,0
67.88,0
67.92,0
67.96,0
68,0
68.04,0
68.08,0
68.13,0
68.17,0.4
68.21,2.6
68.25,0
68.29,0.8
68.33,0
68.38,0
68.42,0.8
68.46,1.6
68.5,0.8
68.54,0.6
68.58,0.2
68.63,0
68.67,0.2
68.71,0.2
68.75,0.6
68.79,0
68.83,0.2
68.88,0
68.92,0
68.96,0.2
69,0
69.04,0.4
69.08,1
69.13,0.4
69.17,0.2
69.21,0
69.25,0
69.29,0.2
69.33,0
69.38,0.8
69.42,0
69.46,0
69.5,0.2
69.54,0
69.58,0
69.63,0
69.67,0
69.71,0
69.75,0.2
69.79,0.4
69.83,0
69.88,0
69.92,0
69.96,0
70,0
70.04,0
70.08,0
70.13,0
70.17,0
70.21,0
70.25,0
70.29,0
70.33,0.8
70.38,0.8
70.42,0.4
70.46,0.2
70.5,0.2
70.54,0.2
70.58,0
70.63,0
70.67,0.2
70.71,0
70.75,0
70.79,0.4
70.83,0.4
70.88,0.2
70.92,0.4
70.96,0.2
71,0
71.04,0
71.08,0
71.13,0
71.17,0
71.21,0
71.25,0
71.29,0
71.33,0
71.38,0
71.42,0
71.46,0
71.5,0
71.54,0
71.58,0
71.63,0
71.67,0
71.71,0
71.75,0
71.79,0.2
71.83,0.4
71.88,1.6
71.92,1.2
71.96,1
72,0.6
72.04,0.6
72.08,0.4
72.13,1
72.17,1.2
72.21,1
72.25,1.6
72.29,1.4
72.33,1.2
72.38,0.6
72.42,0.6
72.46,0.6
72.5,0.8
72.54,1
72.58,0.4
72.63,0.6
72.67,1.4
72.71,1.6
72.75,0.4
72.79,0
72.83,0
72.88,0
72.92,0
72.96,0
73,0
73.04,0.2
73.08,0
73.13,0
73.17,0
73.21,0
73.25,0
73.29,0
73.33,0
73.38,0
73.42,0
73.46,0
73.5,0
73.54,0
73.58,0
73.63,0
73.67,0
73.71,0
73.75,0
73.79,0
73.83,0
73.88,0
73.92,0
73.96,0
74,0
74.04,0
74.08,0
74.13,0
74.17,0
74.21,0
74.25,0
74.29,0
74.33,0
74.38,0
74.42,0
74.46,0
74.5,0
74.54,0
74.58,0
74.63,0
74.67,0
74.71,0
74.75,0
74.79,0
74.83,0.2
74.88,0.8
74.92,0
74.96,0.4
75,0.2
75.04,0
75.08,0
75.13,0
75.17,0
75.21,0
75.25,0.6
75.29,0
75.33,0
75.38,0
75.42,0
75.46,0
75.5,0.2
75.54,0.2
75.58,0
75.63,0
75.67,0
75.71,0
75.75,0
75.79,0
75.83,0
75.88,0
75.92,0
75.96,0
76,0
76.04,0.2
76.08,0
76.13,0
76.17,0.2
76.21,0.2
76.25,0
76.29,0
76.33,0
76.38,0
76.42,0.2
76.46,0
76.5,0
76.54,0
76.58,0
76.63,0
76.67,0
76.71,0
76.75,0
76.79,0
76.83,0
76.88,0
76.92,0
76.96,0
77,0
77.04,0
77.08,0
77.13,0
77.17,0
77.21,0
77.25,0
77.29,0
77.33,0
77.38,0
77.42,0
77.46,0
77.5,0
77.54,0
77.58,0
77.63,0
77.67,0
77.71,0
77.75,0
77.79,0
77.83,0
77.88,0
77.92,0
77.96,0
78,0
78.04,0
78.08,0
78.13,0
78.17,0
78.21,0
78.25,0
78.29,0
78.33,0
78.38,0
78.42,0
78.46,0
78.5,0
78.54,0
78.58,0
78.63,0
78.67,0
78.71,0
78.75,0
78.79,0
78.83,0
78.88,0
78.92,0
78.96,0
79,0
79.04,0
79.08,0
79.13,0
79.17,0
79.21,0
79.25,0
79.29,0
79.33,0
79.38,0
79.42,0
79.46,0
79.5,0
79.54,0
79.58,0
79.63,0
79.67,0
79.71,0
79.75,0
79.79,0
79.83,0
79.88,0
79.92,0
79.96,0
80,0
80.04,0
80.08,0
80.13,0
80.17,0
80.21,0.6
80.25,0.4
80.29,0
80.33,0
80.38,0
80.42,0
80.46,0
80.5,0
80.54,0
80.58,0
80.63,0
80.67,0
80.71,0
80.75,0
80.79,0
80.83,0
80.88,0
80.92,0
80.96,0
81,0
81.04,0
81.08,0
81.13,0
81.17,0
81.21,0
81.25,0
81.29,0
81.33,0
81.38,0
81.42,0
81.46,0
81.5,0
81.54,0
81.58,0
81.63,0
81.67,0
81.71,0
81.75,0
81.79,0
81.83,0
81.88,0
81.92,0
81.96,0
82,0
82.04,0
82.08,0
82.13,0
82.17,0
82.21,0
82.25,0
82.29,0
82.33,0
82.38,0
82.42,0
82.46,0.2
82.5,0
82.54,0.4
82.58,0.2
82.63,0.8
82.67,0.6
82.71,0.6
82.75,0
82.79,0.2
82.83,0.4
82.88,0.2
82.92,0
82.96,0.4
83,0.4
83.04,0.2
83.08,0.2
83.13,0
83.17,0.6
83.21,0.6
83.25,1.6
83.29,1.6
83.33,1
83.38,1.2
83.42,1.2
83.46,0.2
83.5,0
83.54,0
83.58,0
83.63,0
83.67,0
83.71,0.2
83.75,0.4
83.79,0
83.83,0.6
83.88,0.4
83.92,0.4
83.96,0
84,0
84.04,0
84.08,0
84.13,0
84.17,0
84.21,0
84.25,0
84.29,0
84.33,0
84.38,0
84.42,0
84.46,0
84.5,0
84.54,1
84.58,0
84.63,0.2
84.67,1
84.71,0.8
84.75,0
84.79,3
84.83,0
84.88,0.2
84.92,0.4
84.96,0.4
85,0
85.04,0
85.08,0
85.13,0
85.17,0
85.21,0
85.25,0.2
85.29,0
85.33,0
85.38,0.2
85.42,0.6
85.46,2.2
85.5,1.4
85.54,1
85.58,2.8
85.63,4.4
85.67,2
85.71,1
85.75,1.8
85.79,1
85.83,1.2
85.88,0.4
85.92,1.4
85.96,0.2
86,0.4
86.04,0.2
86.08,0
86.13,0
86.17,0
86.21,0.2
86.25,0.2
86.29,0
86.33,0.2
86.38,0
86.42,0
86.46,0
86.5,0
86.54,0.2
86.58,0.2
86.63,1.8
86.67,1.8
86.71,0.2
86.75,0
86.79,0
86.83,0.6
86.88,0.6
86.92,1.2
86.96,0.2
87,0.2
87.04,0
87.08,0
87.13,0.4
87.17,1
87.21,0.8
87.25,1
87.29,1
87.33,1
87.38,0.6
87.42,0.6
87.46,0.2
87.5,0
87.54,0.2
87.58,0.4
87.63,0
87.67,0
87.71,0
87.75,0
87.79,0
87.83,0
87.88,0
87.92,0
87.96,0
88,0
88.04,0
88.08,0
88.13,0
88.17,0
88.21,0
88.25,0
88.29,0
88.33,0
88.38,0
88.42,0
88.46,0
88.5,0
88.54,0
88.58,0
88.63,0
88.67,0.6
88.71,0.2
88.75,2.6
88.79,4.8
88.83,2.8
88.88,0.8
88.92,0
88.96,0
89,0
89.04,0
89.08,0
89.13,0.4
89.17,0.2
89.21,0.2
89.25,0
89.29,0.4
89.33,0
89.38,0
89.42,0.6
89.46,0.2
89.5,0
89.54,1.4
89.58,0.6
89.63,0.6
89.67,2.6
89.71,2.4
89.75,1.8
89.79,0
89.83,0.6
89.88,0.6
89.92,0
89.96,0
90,0
90.04,0
90.08,0
90.13,0
90.17,0
90.21,0
90.25,0
90.29,0.2
90.33,5.6
90.38,0.4
90.42,2.2
90.46,0.2
90.5,1.2
90.54,0.2
90.58,0.2
90.63,0
90.67,0
90.71,0.4
90.75,1.4
90.79,0
90.83,0
90.88,0.2
90.92,0
90.96,0
91,0.4
91.04,0.8
91.08,0
91.13,0
91.17,0.2
91.21,0.2
91.25,1
91.29,0.8
91.33,0
91.38,0.8
91.42,0.2
91.46,0.4
91.5,0.2
91.54,1
91.58,0.6
91.63,2
91.67,0
91.71,0.4
91.75,0.8
91.79,0.4
91.83,1.6
91.88,0
91.92,0.6
91.96,0.8
92,0.2
92.04,0
92.08,0
92.13,0
92.17,0
92.21,0
92.25,0
92.29,0
92.33,0.2
92.38,0
92.42,0.8
92.46,0.4
92.5,0
92.54,0
92.58,0
92.63,0
92.67,0
92.71,0
92.75,0
92.79,0
92.83,0
92.88,0
92.92,0
92.96,0
93,0
93.04,0
93.08,0
93.13,0
93.17,0
93.21,0
93.25,0
93.29,0
93.33,0
93.38,0
93.42,0
93.46,0
93.5,0
93.54,0
93.58,0
93.63,0
93.67,0
93.71,0
93.75,0
93.79,0
93.83,0
93.88,0
93.92,0
93.96,0
94,0
94.04,0
94.08,0
94.13,0
94.17,0
94.21,0
94.25,0
94.29,0
94.33,0
94.38,0
94.42,0
94.46,0
94.5,0
94.54,0
94.58,0
94.63,0
94.67,0
94.71,0
94.75,0
94.79,0
94.83,0
94.88,0
94.92,0
94.96,0
95,0
95.04,0
95.08,0
95.13,0
95.17,0
95.21,0
95.25,0
95.29,0
95.33,0
95.38,0
95.42,0
95.46,0
95.5,0
95.54,0
95.58,0
95.63,0
95.67,0
95.71,0
95.75,0
95.79,0
95.83,0
95.88,0
95.92,0
95.96,0
96,0
96.04,0
96.08,0
96.13,0
96.17,0
96.21,0
96.25,0
96.29,0
96.33,0
96.38,0
96.42,0
96.46,0
96.5,0
96.54,0
96.58,0
96.63,0
96.67,0
96.71,0
96.75,0.4
96.79,0
96.83,0
96.88,0
96.92,0
96.96,0.2
97,0
97.04,0
97.08,0.2
97.13,0
97.17,0
97.21,0
97.25,0
97.29,0
97.33,0
97.38,0
97.42,0
97.46,0
97.5,0
97.54,0
97.58,0.2
97.63,0.2
97.67,0
97.71,0
97.75,0.6
97.79,0.4
97.83,0
97.88,0.4
97.92,0.4
97.96,0.6
98,0
98.04,0
98.08,0
98.13,0.2
98.17,0
98.21,0
98.25,0
98.29,0.4
98.33,0
98.38,0
98.42,0
98.46,0.2
98.5,0
98.54,1.8
98.58,0.8
98.63,0
98.67,0
98.71,0
98.75,0
98.79,0
98.83,0
98.88,0
98.92,0
98.96,0
99,0
99.04,0
99.08,0
99.13,0
99.17,0
99.21,0
99.25,0
99.29,0
99.33,0
99.38,0
99.42,0
99.46,0
99.5,0
99.54,0
99.58,0
99.63,0
99.67,0
99.71,0
99.75,0
99.79,0
99.83,0.2
99.88,0
99.92,0
99.96,0.2
100,0
100.04,0
100.08,0
100.13,0
100.17,0
100.21,0
100.25,0
100.29,0
100.33,0
100.38,0
100.42,0
100.46,0
100.5,0
100.54,0
100.58,0
100.63,0
100.67,0
100.71,0
100.75,0
100.79,0
100.83,0
100.88,0
100.92,0
100.96,0
101,0
101.04,0
101.08,0.4
101.13,0.8
101.17,1.4
101.21,1.2
101.25,0.8
101.29,1.4
101.33,0.8
101.38,0.2
101.42,0
101.46,0
101.5,0
101.54,0
101.58,0
101.63,0
101.67,0
101.71,0
101.75,0
101.79,0.2
101.83,0
101.88,0
101.92,0
101.96,0
102,0
102.04,0
102.08,0
102.13,0
102.17,0
102.21,0
102.25,0
102.29,0
102.33,0
102.38,0
102.42,0
102.46,0
102.5,0
102.54,0
102.58,0
102.63,0
102.67,0.2
102.71,0
102.75,0
102.79,0
102.83,0
102.88,0
102.92,0
102.96,0
103,0
103.04,0
103.08,0
103.13,0
103.17,0
103.21,0
103.25,0.2
103.29,0
103.33,0.2
103.38,0
103.42,0
103.46,0.2
103.5,0
103.54,0
103.58,0
103.63,0
103.67,0
103.71,0
103.75,0
103.79,0
103.83,0
103.88,0.8
103.92,0
103.96,0.2
104,0.4
104.04,0.4
104.08,0
104.13,0
104.17,0
104.21,0
104.25,0
104.29,0
104.33,0
104.38,0
104.42,0
104.46,0
104.5,0
104.54,0
104.58,0
104.63,0
104.67,0
104.71,0
104.75,0.6
104.79,0
104.83,0
104.88,0
104.92,0
104.96,0
105,0
105.04,0
105.08,0.2
105.13,0
105.17,0.2
105.21,0.2
105.25,0
105.29,0
105.33,0
105.38,0
105.42,0
105.46,0
105.5,0
105.54,0
105.58,0.2
105.63,0.2
105.67,0
105.71,0
105.75,0
105.79,0
105.83,0
105.88,0
105.92,0
105.96,0
106,0
106.04,0.2
106.08,0
106.13,0
106.17,0
106.21,0
106.25,0.4
106.29,0
106.33,0
106.38,0
106.42,0
106.46,0
106.5,0
106.54,0
106.58,0
106.63,0
106.67,0
106.71,0
106.75,0
106.79,0
106.83,0
106.88,0
106.92,0
106.96,0
107,0
107.04,0
107.08,0
107.13,0
107.17,0
107.21,0
107.25,0
107.29,0
107.33,0
107.38,0
107.42,0
107.46,0
107.5,0
107.54,0
107.58,0
107.63,0
107.67,0
107.71,0
107.75,0
107.79,0
107.83,0
107.88,0
107.92,0
107.96,0
108,0
108.04,0.6
108.08,0.2
108.13,0
108.17,0
108.21,0.8
108.25,0
108.29,0
108.33,0
108.38,0
108.42,0
108.46,0.2
108.5,0.4
108.54,0.2
108.58,0.2
108.63,1.4
108.67,0.2
108.71,0.4
108.75,0.2
108.79,0.8
108.83,0.6
108.88,0.2
108.92,1.6
108.96,3.6
109,1.6
109.04,1.2
109.08,0.8
109.13,0.2
109.17,0
109.21,0
109.25,0
109.29,0
109.33,0
109.38,0
109.42,0
109.46,0
109.5,0
109.54,0
109.58,0
109.63,0
109.67,0
109.71,0
109.75,0
109.79,0
109.83,0
109.88,0
109.92,0
109.96,0
110,0
110.04,0
110.08,0
110.13,0
110.17,0
110.21,1.4
110.25,0.8
110.29,0.2
110.33,0
110.38,0
110.42,0
110.46,0.4
110.5,0
110.54,0
110.58,0
110.63,0
110.67,1
110.71,1.8
110.75,1.6
110.79,0.8
110.83,0.2
110.88,0.2
110.92,0
110.96,0
111,0.4
111.04,0
111.08,0
111.13,0
111.17,0
111.21,0
111.25,0
111.29,0
111.33,0
111.38,0
111.42,0
111.46,0
111.5,0
111.54,0
111.58,0
111.63,0
111.67,0
111.71,0
111.75,0
111.79,0
111.83,0
111.88,0
111.92,0
111.96,0
112,0
112.04,0
112.08,0
112.13,0
112.17,0
112.21,0
112.25,0
112.29,0
112.33,0
112.38,0
112.42,0
112.46,0
112.5,0
112.54,0
112.58,0
112.63,0
112.67,0.2
112.71,0
112.75,0
112.79,0
112.83,0
112.88,0
112.92,0.2
112.96,0.6
113,0
113.04,0
113.08,0
113.13,0
113.17,0
113.21,0
113.25,0
113.29,0
113.33,0
113.38,0
113.42,0
113.46,0
113.5,0.2
113.54,0
113.58,0
113.63,0
113.67,0
113.71,0
113.75,0
113.79,0
113.83,0
113.88,0
113.92,0
113.96,0
114,0
114.04,0
114.08,0
114.13,0
114.17,0
114.21,0
114.25,0
114.29,0
114.33,0
114.38,0
114.42,0
114.46,0
114.5,0
114.54,0
114.58,0
114.63,0
114.67,0
114.71,0
114.75,0.2
114.79,0
114.83,0
114.88,0
114.92,0
114.96,0
115,0.4
115.04,0.2
115.08,0
115.13,0
115.17,0
115.21,0
115.25,0
115.29,0
115.33,0
115.38,0
115.42,0
115.46,0
115.5,0
115.54,0
115.58,0
115.63,0
115.67,0
115.71,0
115.75,0
115.79,0
115.83,0
115.88,0
115.92,0
115.96,0
116,0
116.04,0
116.08,0
116.13,0
116.17,0
116.21,0
116.25,0
116.29,0
116.33,0
116.38,0
116.42,0
116.46,0
116.5,0
116.54,0
116.58,0
116.63,0
116.67,0
116.71,0
116.75,0
116.79,0
116.83,0
116.88,0
116.92,0
116.96,0
117,0
117.04,0
117.08,0
117.13,0
117.17,0
117.21,0
117.25,0
117.29,0
117.33,0
117.38,0
117.42,0
117.46,0
117.5,0
117.54,0
117.58,0
117.63,0
117.67,0
117.71,0
117.75,0
117.79,0
117.83,0
117.88,0
117.92,0
117.96,0
118,0
118.04,0
118.08,0
118.13,0
118.17,0
118.21,0
118.25,0
118.29,0
118.33,0
118.38,0
118.42,0
118.46,0
118.5,0
118.54,0
118.58,0
118.63,0
118.67,0
118.71,0
118.75,0
118.79,0
118.83,0
118.88,0
118.92,0
118.96,0
119,0
119.04,0
119.08,0
119.13,0
119.17,0
119.21,0
119.25,0
119.29,0
119.33,0
119.38,0
119.42,0
119.46,0
119.5,0
119.54,0
119.58,0
119.63,0
119.67,0
119.71,0
119.75,0
119.79,0
119.83,0
119.88,0
119.92,0
119.96,0
120,0
120.04,0
120.08,0
120.13,0
120.17,0
120.21,0
120.25,0
120.29,0
120.33,0
120.38,0
120.42,0
120.46,0
120.5,0
120.54,0
120.58,0.2
120.63,0.6
120.67,0.4
120.71,0.6
120.75,0.6
120.79,1
120.83,0
120.88,0
120.92,0
120.96,0
121,0
121.04,0
121.08,0
121.13,0
121.17,0
121.21,0.2
121.25,0
121.29,0
121.33,0.2
121.38,0
121.42,0
121.46,0
121.5,0
121.54,0
121.58,0
121.63,0
121.67,0
121.71,0
121.75,0
121.79,0
121.83,0
121.88,0
121.92,0
121.96,0.2
122,0.4
122.04,0.2
122.08,0.8
122.13,1.6
122.17,0.4
122.21,0.4
122.25,1.6
122.29,2.8
122.33,2
122.38,2
122.42,1.8
122.46,4
122.5,2.6
122.54,1.2
122.58,0.2
122.63,0
122.67,0.2
122.71,1
122.75,0
122.79,0
122.83,0.2
122.88,0
122.92,0
122.96,0
123,0
123.04,0
123.08,0
123.13,0
123.17,0
123.21,0
123.25,0
123.29,0.4
123.33,0.2
123.38,0.2
123.42,0.4
123.46,0
123.5,0
123.54,0
123.58,0
123.63,0
123.67,0
123.71,0
123.75,0
123.79,0.2
123.83,0
123.88,0.4
123.92,0.2
123.96,0.6
124,0
124.04,0
124.08,0
124.13,0
124.17,0
124.21,0
124.25,0
124.29,0
124.33,0
124.38,0
124.42,0
124.46,0
124.5,0
124.54,0
124.58,0
124.63,0
124.67,0
124.71,0
124.75,0.8
124.79,1.2
124.83,0.4
124.88,0.2
124.92,0
124.96,0
125,0
125.04,0
125.08,0
125.13,0
125.17,0
125.21,0
125.25,0.4
125.29,1.2
125.33,0
125.38,0
125.42,0
125.46,0
125.5,0
125.54,0
125.58,0
125.63,0
125.67,0
125.71,0
125.75,0.6
125.79,3.2
125.83,0.2
125.88,1
125.92,0.6
125.96,0.4
126,0
126.04,0
126.08,3
126.13,3.4
126.17,0.8
126.21,2
126.25,2
126.29,0.4
126.33,4.2
126.38,1
126.42,0
126.46,0
126.5,4.4
126.54,0.4
126.58,0
126.63,2.4
126.67,0
126.71,0
126.75,0
126.79,0.2
126.83,0
126.88,0
126.92,0.6
126.96,0
127,0
127.04,0
127.08,0.4
127.13,0.8
127.17,0.2
127.21,0
127.25,0
127.29,0.8
127.33,0
127.38,0
127.42,0
127.46,0.2
127.5,0.4
127.54,0.2
127.58,0.8
127.63,0.8
127.67,0
127.71,0
127.75,0
127.79,0
127.83,0
127.88,0
127.92,0
127.96,0
128,0
128.04,0
128.08,0
128.13,0
128.17,0
128.21,0
128.25,0
128.29,0.6
128.33,0.4
128.38,0
128.42,0
128.46,0
128.5,0
128.54,0
128.58,0
128.63,0
128.67,0
128.71,0
128.75,0
128.79,0
128.83,0
128.88,0
128.92,0
128.96,0
129,0
129.04,0
129.08,0
129.13,0
129.17,0
129.21,0
129.25,0
129.29,0
129.33,0
129.38,0
129.42,0
129.46,0
129.5,0
129.54,0
129.58,0
129.63,0
129.67,0
129.71,0
129.75,0
129.79,0
129.83,0
129.88,0
129.92,0
129.96,0
130,0
130.04,0
130.08,0
130.13,0
130.17,0
130.21,0
130.25,0
130.29,0
130.33,0
130.38,0
130.42,0
130.46,0
130.5,0
130.54,0
130.58,0
130.63,0
130.67,0
130.71,0
130.75,0
130.79,0
130.83,0
130.88,0
130.92,0
130.96,0
131,0
131.04,0
131.08,0
131.13,0
131.17,0
131.21,0
131.25,0
131.29,0
131.33,0
131.38,0
131.42,0
131.46,0
131.5,0
131.54,0
131.58,0
131.63,0
131.67,0
131.71,0
131.75,0
131.79,0
131.83,0
131.88,0
131.92,0
131.96,0
132,0
132.04,0
132.08,0
132.13,0
132.17,0
132.21,0
132.25,0
132.29,0
132.33,0
132.38,0
132.42,0
132.46,0
132.5,0
132.54,0
132.58,0
132.63,0
132.67,0.2
132.71,0
132.75,0.2
132.79,0
132.83,0
132.88,0
132.92,0
132.96,0
133,0.2
133.04,0.4
133.08,1
133.13,1.2
133.17,1.2
133.21,1.6
133.25,0.2
133.29,0
133.33,0
133.38,0
133.42,0
133.46,0
133.5,0
133.54,0
133.58,0
133.63,1
133.67,0
133.71,0
133.75,0
133.79,0
133.83,0
133.88,0.2
133.92,0
133.96,0.2
134,0.6
134.04,0
134.08,0
134.13,0
134.17,0.4
134.21,1.8
134.25,1.4
134.29,0.2
134.33,0
134.38,0.2
134.42,0
134.46,0
134.5,0
134.54,0
134.58,0
134.63,0
134.67,0
134.71,0
134.75,0
134.79,0
134.83,0
134.88,0
134.92,0
134.96,0
135,0
135.04,0.2
135.08,0.2
135.13,0.6
135.17,0
135.21,0.8
135.25,2.6
135.29,0.6
135.33,0
135.38,0.8
135.42,3.6
135.46,0.2
135.5,0
135.54,0
135.58,0
135.63,0
135.67,0
135.71,0
135.75,0
135.79,0
135.83,0
135.88,0
135.92,0
135.96,0
136,0
136.04,0
136.08,0.2
136.13,0
136.17,0
136.21,0
136.25,0.2
136.29,0
136.33,0
136.38,0
136.42,0
136.46,1.2
136.5,1.4
136.54,0
136.58,0
136.63,0
136.67,0
136.71,0
136.75,0
136.79,0
136.83,0
136.88,0
136.92,0
136.96,0
137,0
137.04,0
137.08,0
137.13,0.2
137.17,0
137.21,0.2
137.25,1.8
137.29,2
137.33,3.2
137.38,3
137.42,3.8
137.46,5
137.5,6.6
137.54,2.2
137.58,0
137.63,0.8
137.67,1.2
137.71,0.2
137.75,0
137.79,0.2
137.83,0.2
137.88,0
137.92,0
137.96,0.2
138,0
138.04,0
138.08,0
138.13,0
138.17,0
138.21,0.2
138.25,0
138.29,0
138.33,0.2
138.38,0.2
138.42,1.4
138.46,2
138.5,0.6
138.54,3.4
138.58,2.8
138.63,0.2
138.67,0
138.71,0
138.75,0.4
138.79,2
138.83,1.2
138.88,0.2
138.92,0.4
138.96,0.2
139,0
139.04,0.2
139.08,0
139.13,0.2
139.17,0.2
139.21,0
139.25,0.4
139.29,0
139.33,0
139.38,0
139.42,0
139.46,0
139.5,0
139.54,0.2
139.58,0.2
139.63,0
139.67,2.4
139.71,0
139.75,2.6
139.79,0.6
139.83,0
139.88,0
139.92,0
139.96,0
140,0
140.04,0
140.08,0
140.13,0
140.17,0
140.21,0
140.25,0.4
140.29,0
140.33,0
140.38,0
140.42,0
140.46,0
140.5,0
140.54,0.2
140.58,0
140.63,0
140.67,0
140.71,0
140.75,0
140.79,0
140.83,0
140.88,0
140.92,0
140.96,0
141,0
141.04,0.2
141.08,0.2
141.13,0.4
141.17,0.4
141.21,0.4
141.25,0.6
141.29,3.2
141.33,6.8
141.38,4.4
141.42,8.8
141.46,0.4
141.5,2
141.54,2.8
141.58,0.8
141.63,1
141.67,0.4
141.71,0
141.75,1.8
141.79,0.8
141.83,0.6
141.88,0
141.92,0
141.96,0
142,0
142.04,0
142.08,0
142.13,0.2
142.17,0
142.21,0.2
142.25,0
142.29,0
142.33,0
142.38,0
142.42,0
142.46,0
142.5,0
142.54,0
142.58,0
142.63,0
142.67,0
142.71,0
142.75,0
142.79,0
142.83,0
142.88,0
142.92,0
142.96,0
143,0
143.04,0
143.08,0
143.13,0
143.17,0.6
143.21,0
143.25,0
143.29,0
143.33,0
143.38,0
143.42,0
143.46,0.4
143.5,0.2
143.54,0
143.58,0.4
143.63,0.2
143.67,0
143.71,0
143.75,0.2
143.79,0
143.83,0.2
143.88,0.2
143.92,0
143.96,0
144,0.6
144.04,0.2
144.08,0
144.13,0
144.17,0
144.21,0
144.25,0.4
144.29,0
144.33,0
144.38,0
144.42,0
144.46,0.4
144.5,0.4
144.54,0.8
144.58,1.6
144.63,1.6
144.67,0.4
144.71,0
144.75,0
144.79,0
144.83,0
144.88,0
144.92,0
144.96,0
145,0
145.04,0
145.08,0
145.13,0
145.17,0.2
145.21,0
145.25,0
145.29,0
145.33,0
145.38,0
145.42,0
145.46,0
145.5,0
145.54,0
145.58,0
145.63,0
145.67,0
145.71,0
145.75,0
145.79,0
145.83,0
145.88,0
145.92,0.8
145.96,1.2
146,3.4
146.04,0
146.08,0
146.13,0
146.17,0.2
146.21,0.8
146.25,0.6
146.29,0.8
146.33,0.2
146.38,0
146.42,0
146.46,0
146.5,0
146.54,0
146.58,0.2
146.63,0
146.67,0
146.71,0
146.75,0
146.79,0
146.83,0
146.88,0
146.92,0
146.96,0
147,0
147.04,0
147.08,0
147.13,0
147.17,0
147.21,0.2
147.25,1
147.29,1.2
147.33,1.8
147.38,1.4
147.42,0.2
147.46,0
147.5,0
147.54,0
147.58,0
147.63,0
147.67,0
147.71,0
147.75,0
147.79,0
147.83,0
147.88,0
147.92,0
147.96,0
148,0
148.04,0
148.08,0
148.13,0
148.17,0
148.21,0
148.25,0
148.29,0
148.33,0
148.38,0
148.42,0
148.46,0
148.5,0
148.54,0
148.58,0
148.63,0
148.67,0
148.71,0
148.75,0
148.79,0
148.83,0
148.88,0
148.92,0
148.96,0
149,0
149.04,0
149.08,0
149.13,0
149.17,0
149.21,0
149.25,0
149.29,0
149.33,0
149.38,0
149.42,0
149.46,0
149.5,0
149.54,0
149.58,0
149.63,0
149.67,0
149.71,0
149.75,0
149.79,0
149.83,0
149.88,0
149.92,0
149.96,0
150,0
150.04,0
150.08,0
150.13,0
150.17,0
150.21,0
150.25,0
150.29,0
150.33,0
150.38,0
150.42,0
150.46,0
150.5,0
150.54,0
150.58,0
150.63,0
150.67,0
150.71,0
150.75,0
150.79,0
150.83,0
150.88,0
150.92,0
150.96,0
151,0
151.04,0
151.08,0
151.13,0
151.17,0
151.21,0
151.25,0
151.29,0
151.33,0
151.38,0
151.42,0
151.46,0
151.5,0
151.54,0
151.58,0
151.63,0
151.67,0
151.71,0
151.75,0
151.79,0
151.83,0
151.88,0
151.92,0
151.96,0
152,0
152.04,0
152.08,0
152.13,0
152.17,0
152.21,0
152.25,0
152.29,0
152.33,0
152.38,0
152.42,0
152.46,0
152.5,0
152.54,0
152.58,0
152.63,0
152.67,0
152.71,0
152.75,0
152.79,0
152.83,0
152.88,0
152.92,0
152.96,0
153,0
153.04,0
153.08,0
153.13,0
153.17,0
153.21,0
153.25,0
153.29,0
153.33,0
153.38,0
153.42,0
153.46,0
153.5,0
153.54,0
153.58,0
153.63,0
153.67,0
153.71,0
153.75,0
153.79,0
153.83,0
153.88,0
153.92,0
153.96,0
154,0
154.04,0
154.08,0
154.13,0
154.17,0
154.21,0
154.25,0
154.29,0
154.33,0
154.38,0
154.42,0
154.46,0
154.5,0
154.54,0
154.58,0
154.63,0
154.67,0
154.71,0
154.75,0
154.79,0
154.83,0
154.88,0
154.92,0
154.96,0
155,0
155.04,0
155.08,0
155.13,0
155.17,0
155.21,0
155.25,0
155.29,0
155.33,0
155.38,0
155.42,0
155.46,0
155.5,0
155.54,0
155.58,0
155.63,0
155.67,0
155.71,0
155.75,0
155.79,0
155.83,0
155.88,0
155.92,0
155.96,0
156,0
156.04,0
156.08,0
156.13,0
156.17,0
156.21,0
156.25,0
156.29,0
156.33,0
156.38,0
156.42,0
156.46,0
156.5,0
156.54,0
156.58,0
156.63,0
156.67,0
156.71,0
156.75,0
156.79,0
156.83,0
156.88,0
156.92,0
156.96,0
157,0
157.04,0
157.08,0
157.13,0
157.17,0
157.21,0
157.25,0
157.29,0
157.33,0
157.38,0
157.42,0
157.46,0
157.5,0
157.54,0
157.58,0
157.63,0
157.67,0
157.71,0
157.75,0
157.79,0
157.83,0
157.88,0
157.92,0
157.96,0
158,0
158.04,0
158.08,0
158.13,0
158.17,0
158.21,0
158.25,0
158.29,0
158.33,0
158.38,0
158.42,0
158.46,0
158.5,0
158.54,0
158.58,0
158.63,0
158.67,0
158.71,0
158.75,0
158.79,0
158.83,0
158.88,0
158.92,0
158.96,0
159,0
159.04,0
159.08,0
159.13,0
159.17,0
159.21,0
159.25,0
159.29,0
159.33,0
159.38,0
159.42,0
159.46,0
159.5,0
159.54,0
159.58,0
159.63,0
159.67,0
159.71,0
159.75,0
159.79,0
159.83,0
159.88,0
159.92,0
159.96,0
160,0
160.04,0
160.08,0
160.13,0
160.17,0
160.21,0
160.25,0
160.29,0
160.33,0
160.38,0
160.42,0
160.46,0
160.5,0
160.54,0
160.58,0
160.63,0
160.67,0
160.71,0
160.75,0
160.79,0
160.83,0
160.88,0
160.92,0
160.96,0
161,0
161.04,0
161.08,0
161.13,0
161.17,0
161.21,0
161.25,0
161.29,0
161.33,0
161.38,0
161.42,0
161.46,0
161.5,0
161.54,0
161.58,0
161.63,0
161.67,0.6
161.71,3.6
161.75,3.2
161.79,1.4
161.83,0
161.88,0
161.92,0
161.96,0
162,0
162.04,0
162.08,0
162.13,0
162.17,0
162.21,0
162.25,0
162.29,0
162.33,0
162.38,0
162.42,0
162.46,0
162.5,0
162.54,0.2
162.58,0
162.63,0.6
162.67,0.2
162.71,0
162.75,0
162.79,0
162.83,0
162.88,0
162.92,0
162.96,0
163,0
163.04,0
163.08,0
163.13,0
163.17,0
163.21,0
163.25,0
163.29,0
163.33,0
163.38,0
163.42,0.2
163.46,0.4
163.5,0.4
163.54,0
163.58,0
163.63,0
163.67,0
163.71,0.2
163.75,0
163.79,0
163.83,0
163.88,0
163.92,0
163.96,0
164,0
164.04,0
164.08,0
164.13,0
164.17,0
164.21,0
164.25,0
164.29,0
164.33,0
164.38,0
164.42,0
164.46,0
164.5,0
164.54,0
164.58,0
164.63,0
164.67,0
164.71,0
164.75,0
164.79,0
164.83,0
164.88,0
164.92,0
164.96,0
165,0
165.04,0
165.08,0
165.13,0
165.17,0
165.21,0
165.25,0
165.29,0
165.33,0
165.38,0
165.42,0
165.46,0
165.5,0
165.54,0
165.58,0
165.63,0
165.67,0
165.71,0
165.75,0
165.79,0
165.83,0
165.88,0
165.92,0
165.96,0
166,0
166.04,0
166.08,0
166.13,0
166.17,0
166.21,0
166.25,0
166.29,0
166.33,0
166.38,0
166.42,0
166.46,0
166.5,0
166.54,0
166.58,0
166.63,0
166.67,0
166.71,0
166.75,0
166.79,0
166.83,0
166.88,0
166.92,0
166.96,0
167,0
167.04,0
167.08,0
167.13,0
167.17,0
167.21,0
167.25,0
167.29,0
167.33,0
167.38,0
167.42,0
167.46,0
167.5,0
167.54,0
167.58,0
167.63,0
167.67,0
167.71,0
167.75,0
167.79,0
167.83,0
167.88,0
167.92,0
167.96,0
168,0
168.04,0
168.08,0
168.13,0
168.17,0
168.21,0
168.25,0
168.29,0
168.33,0
168.38,0
168.42,0
168.46,0
168.5,0
168.54,0
168.58,0
168.63,0
168.67,0
168.71,0
168.75,0
168.79,0
168.83,0
168.88,0
168.92,0
168.96,0
169,0
169.04,0
169.08,0
169.13,0.2
169.17,0
169.21,0.2
169.25,0
169.29,0.2
169.33,0
169.38,0
169.42,0
169.46,0.4
169.5,0.2
169.54,0.2
169.58,0.8
169.63,0.2
169.67,0.2
169.71,0
169.75,0
169.79,0
169.83,0
169.88,0
169.92,0
169.96,0
170,0
170.04,0
170.08,0.2
170.13,0
170.17,0
170.21,0
170.25,0
170.29,0
170.33,0.6
170.38,0
170.42,0
170.46,0
170.5,0.2
170.54,0
170.58,0
170.63,0
170.67,0
170.71,0
170.75,0
170.79,0
170.83,0
170.88,0
170.92,0
170.96,0
171,0
171.04,0
171.08,0
171.13,0
171.17,0
171.21,0
171.25,0
171.29,0
171.33,0.2
171.38,0
171.42,0.6
171.46,0.4
171.5,0.4
171.54,0
171.58,0.2
171.63,0.2
171.67,0.4
171.71,0
171.75,0
171.79,0
171.83,0
171.88,0
171.92,0
171.96,0
172,0
172.04,0
172.08,0
172.13,0
172.17,0
172.21,0
172.25,0
172.29,0
172.33,0
172.38,0
172.42,0
172.46,0.2
172.5,0
172.54,0
172.58,0
172.63,0
172.67,0
172.71,0
172.75,0
172.79,0
172.83,0
172.88,0
172.92,0
172.96,0
173,0
173.04,0
173.08,0
173.13,0
173.17,0
173.21,0
173.25,0
173.29,0
173.33,0
173.38,0
173.42,0
173.46,0
173.5,0
173.54,0
173.58,0
173.63,0
173.67,0
173.71,0
173.75,0
173.79,0
173.83,0
173.88,0
173.92,0
173.96,0
174,0
174.04,0
174.08,0
174.13,0
174.17,0
174.21,0
174.25,0
174.29,0
174.33,0
174.38,0
174.42,0
174.46,0
174.5,0
174.54,0
174.58,0
174.63,0
174.67,0
174.71,0
174.75,0
174.79,0
174.83,0
174.88,0
174.92,0
174.96,0
175,0
175.04,0
175.08,0
175.13,0
175.17,0
175.21,0
175.25,0
175.29,0
175.33,0
175.38,0.2
175.42,0.4
175.46,1.6
175.5,0.4
175.54,0
175.58,0
175.63,0
175.67,0
175.71,0
175.75,0
175.79,0
175.83,0
175.88,0
175.92,0
175.96,0
176,0
176.04,0
176.08,0
176.13,0
176.17,0
176.21,0
176.25,0
176.29,0
176.33,0
176.38,0
176.42,0
176.46,0
176.5,0
176.54,0
176.58,0
176.63,0
176.67,0
176.71,0
176.75,0
176.79,0
176.83,0
176.88,0
176.92,0
176.96,0
177,0
177.04,0
177.08,0
177.13,0
177.17,0
177.21,0
177.25,0
177.29,0
177.33,0
177.38,0
177.42,0
177.46,0
177.5,0
177.54,0
177.58,0
177.63,0
177.67,0
177.71,0
177.75,0
177.79,0
177.83,0
177.88,0
177.92,0
177.96,0
178,0
178.04,0
178.08,0
178.13,0
178.17,0
178.21,0
178.25,0
178.29,0
178.33,0
178.38,0
178.42,0
178.46,0
178.5,0
178.54,0
178.58,0
178.63,0
178.67,0
178.71,0.4
178.75,0.2
178.79,0
178.83,0
178.88,0
178.92,0
178.96,0
179,0
179.04,0
179.08,0
179.13,0
179.17,0
179.21,0
179.25,0
179.29,0
179.33,0
179.38,0
179.42,0
179.46,0
179.5,0
179.54,0
179.58,0
179.63,0
179.67,0
179.71,0
179.75,0
179.79,0
179.83,0
179.88,0
179.92,0
179.96,0
180,0
180.04,0
180.08,0
180.13,0.2
180.17,0
180.21,0
180.25,0
180.29,0
180.33,0
180.38,0.2
180.42,0.4
180.46,0.2
180.5,0.6
180.54,1.2
180.58,0.4
180.63,0
180.67,0.2
180.71,1.2
180.75,0
180.79,0
180.83,0
180.88,0
180.92,0
180.96,0
181,0
181.04,0
181.08,0
181.13,0
181.17,0
181.21,0
181.25,0
181.29,0
181.33,0
181.38,0
181.42,0
181.46,0
181.5,0
181.54,0
181.58,0
181.63,0
181.67,0
181.71,0
181.75,0
181.79,0
181.83,0
181.88,0
181.92,0
181.96,0
182,0
182.04,0
182.08,0
182.13,0
182.17,0
182.21,0
182.25,0.2
182.29,0
182.33,0.4
182.38,1
182.42,0.4
182.46,0
182.5,0.2
182.54,0
182.58,0
182.63,0
182.67,0
182.71,0
182.75,0
182.79,0
182.83,0
182.88,0
182.92,0
182.96,0
183,0
183.04,0
183.08,0
183.13,0
183.17,0
183.21,0
183.25,0
183.29,0
183.33,0
183.38,0
183.42,0
183.46,0
183.5,0
183.54,0
183.58,0
183.63,0
183.67,0
183.71,0
183.75,0
183.79,0
183.83,0
183.88,0
183.92,0
183.96,0
184,0
184.04,0
184.08,0
184.13,0
184.17,0
184.21,0
184.25,0
184.29,0
184.33,0
184.38,0
184.42,0
184.46,0
184.5,0
184.54,0
184.58,0
184.63,0
184.67,0
184.71,0
184.75,0
184.79,0
184.83,0
184.88,0.2
184.92,0
184.96,0.2
185,0
185.04,0
185.08,0
185.13,0
185.17,0
185.21,0
185.25,0
185.29,0
185.33,0
185.38,0.2
185.42,0.2
185.46,0
185.5,0
185.54,0
185.58,0
185.63,0
185.67,0
185.71,0
185.75,0
185.79,0
185.83,0
185.88,0
185.92,0
185.96,0
186,0
186.04,0
186.08,0
186.13,0
186.17,0
186.21,0
186.25,0
186.29,0
186.33,0
186.38,0
186.42,0
186.46,0
186.5,0
186.54,0
186.58,0
186.63,0
186.67,0
186.71,0
186.75,0
186.79,0
186.83,0
186.88,0
186.92,0
186.96,0
187,0
187.04,0
187.08,0
187.13,0
187.17,0
187.21,0
187.25,0
187.29,0
187.33,0
187.38,0
187.42,0
187.46,0
187.5,0
187.54,0.2
187.58,0
187.63,0
187.67,0
187.71,0
187.75,0
187.79,0
187.83,0
187.88,0
187.92,0
187.96,0
188,0
188.04,0.2
188.08,0
188.13,0
188.17,0
188.21,0
188.25,0
188.29,0
188.33,0
188.38,0
188.42,0
188.46,0
188.5,0
188.54,0
188.58,0
188.63,0
188.67,0
188.71,0
188.75,0
188.79,0
188.83,0
188.88,0
188.92,0
188.96,0
189,0
189.04,0
189.08,0
189.13,0
189.17,0
189.21,0
189.25,0
189.29,0
189.33,0
189.38,0
189.42,0
189.46,0.8
189.5,2
189.54,2.4
189.58,1.8
189.63,1.8
189.67,1.4
189.71,2.2
189.75,1.4
189.79,0.6
189.83,0.2
189.88,0
189.92,0
189.96,0.2
190,0
190.04,0
190.08,0
190.13,0
190.17,0
190.21,0
190.25,0
190.29,0
190.33,0
190.38,0.2
190.42,0
190.46,0
190.5,0
190.54,0
190.58,0
190.63,0
190.67,0
190.71,0
190.75,0
190.79,0
190.83,0
190.88,0
190.92,0
190.96,0
191,0
191.04,0
191.08,0
191.13,0
191.17,0
191.21,0
191.25,0
191.29,0
191.33,0
191.38,0
191.42,0
191.46,0
191.5,0.6
191.54,0
191.58,0.4
191.63,0
191.67,0
191.71,0
191.75,0
191.79,0
191.83,0
191.88,0
191.92,0
191.96,0
192,0
192.04,0
192.08,0
192.13,0
192.17,0
192.21,0
192.25,0
192.29,0
192.33,0
192.38,0
192.42,0
192.46,0
192.5,0
192.54,0
192.58,0
192.63,0
192.67,0
192.71,0
192.75,0
192.79,0
192.83,0
192.88,0
192.92,0
192.96,0
193,0
193.04,0
193.08,0
193.13,0
193.17,0
193.21,0
193.25,0
193.29,0
193.33,0
193.38,0
193.42,0
193.46,0
193.5,0
193.54,0
193.58,0
193.63,0
193.67,0
193.71,0
193.75,0
193.79,0
193.83,0
193.88,0
193.92,0
193.96,0
194,0
194.04,0
194.08,0
194.13,0
194.17,0
194.21,0
194.25,0
194.29,0
194.33,0
194.38,0
194.42,0
194.46,0
194.5,0
194.54,0
194.58,0
194.63,0
194.67,0
194.71,0
194.75,0
194.79,0
194.83,0
194.88,0
194.92,0
194.96,0
195,0
195.04,0
195.08,0
195.13,0
195.17,0
195.21,0
195.25,0
195.29,0
195.33,0
195.38,0
195.42,0
195.46,0
195.5,0
195.54,0
195.58,0
195.63,0
195.67,0
195.71,0
195.75,0
195.79,0
195.83,0
195.88,0
195.92,0
195.96,0
196,0
196.04,0
196.08,0
196.13,0
196.17,0
196.21,0
196.25,0
196.29,0
196.33,0
196.38,0
196.42,0
196.46,0
196.5,0
196.54,0
196.58,0
196.63,0
196.67,0
196.71,0
196.75,0
196.79,0
196.83,0
196.88,0
196.92,0
196.96,0
197,0
197.04,0
197.08,0
197.13,0
197.17,0
197.21,0
197.25,0
197.29,0
197.33,0
197.38,0
197.42,0
197.46,0
197.5,0
197.54,0
197.58,0
197.63,0
197.67,0
197.71,0
197.75,0
197.79,0
197.83,0
197.88,0
197.92,0
197.96,0
198,0
198.04,0
198.08,0
198.13,0
198.17,0
198.21,0
198.25,0
198.29,0
198.33,0
198.38,0
198.42,0
198.46,0
198.5,0
198.54,0
198.58,0
198.63,0
198.67,0
198.71,0
198.75,0
198.79,0
198.83,0
198.88,0
198.92,0
198.96,0
199,0
199.04,0
199.08,0
199.13,0
199.17,0
199.21,0
199.25,0
199.29,0
199.33,0
199.38,0
199.42,0
199.46,0
199.5,0
199.54,0
199.58,0
199.63,0
199.67,0
199.71,0
199.75,0
199.79,0
199.83,0
199.88,0
199.92,0
199.96,0
200,0
200.04,0
200.08,0
200.13,0
200.17,0
200.21,0
200.25,0
200.29,0
200.33,0
200.38,0
200.42,0
200.46,0
200.5,0
200.54,0
200.58,0
200.63,0
200.67,0
200.71,0
200.75,0
200.79,0
200.83,0
200.88,0
200.92,0
200.96,0
201,0
201.04,0
201.08,0
201.13,0
201.17,0
201.21,0
201.25,0
201.29,0
201.33,0
201.38,0
201.42,0
201.46,0
201.5,0
201.54,0
201.58,0
201.63,0
201.67,0
201.71,0
201.75,0
201.79,0
201.83,0
201.88,0
201.92,0
201.96,0
202,0
202.04,0
202.08,0
202.13,0
202.17,0
202.21,0
202.25,0
202.29,0
202.33,0
202.38,0
202.42,0.6
202.46,0.2
202.5,0
202.54,0.4
202.58,0
202.63,0
202.67,0
202.71,0
202.75,0
202.79,0
202.83,0
202.88,0
202.92,0
202.96,0
203,0
203.04,0
203.08,0
203.13,0
203.17,0
203.21,0
203.25,0.4
203.29,0
203.33,0
203.38,0.2
203.42,1
203.46,1.6
203.5,1.4
203.54,0
203.58,0
203.63,0
203.67,0
203.71,0
203.75,0
203.79,0
203.83,0
203.88,0
203.92,0
203.96,0
204,0
204.04,0
204.08,0
204.13,0
204.17,0
204.21,0
204.25,0
204.29,0
204.33,0
204.38,0
204.42,0
204.46,0
204.5,0
204.54,0
204.58,0
204.63,0
204.67,0
204.71,0
204.75,0
204.79,0
204.83,0
204.88,0
204.92,0
204.96,0
205,0
205.04,0
205.08,0
205.13,0
205.17,0
205.21,0
205.25,0
205.29,0
205.33,0
205.38,0
205.42,0
205.46,0
205.5,0
205.54,0
205.58,0
205.63,0
205.67,0
205.71,0
205.75,0
205.79,0
205.83,0
205.88,0
205.92,0
205.96,0
206,0
206.04,0
206.08,0
206.13,0
206.17,0
206.21,0
206.25,0
206.29,0
206.33,0
206.38,0
206.42,0
206.46,0
206.5,0
206.54,0
206.58,0.2
206.63,0
206.67,0
206.71,0
206.75,0
206.79,0
206.83,0
206.88,0
206.92,0
206.96,0
207,0
207.04,0
207.08,0
207.13,0
207.17,0
207.21,0
207.25,0
207.29,0
207.33,0
207.38,0
207.42,0
207.46,0.8
207.5,0.8
207.54,0
207.58,0
207.63,0
207.67,0
207.71,0
207.75,0
207.79,0
207.83,0
207.88,0
207.92,0
207.96,0
208,0
208.04,0
208.08,0
208.13,0
208.17,0
208.21,0
208.25,0
208.29,0
208.33,0
208.38,0
208.42,0
208.46,0
208.5,0
208.54,0
208.58,0
208.63,0.2
208.67,0
208.71,0.8
208.75,0
208.79,0
208.83,0.4
208.88,0.2
208.92,0
208.96,0
209,0
209.04,0
209.08,0
209.13,0.2
209.17,0.2
209.21,0.2
209.25,0.8
209.29,0.4
209.33,0
209.38,0.4
209.42,0.2
209.46,0
209.5,0
209.54,0
209.58,0
209.63,0
209.67,0
209.71,0
209.75,0
209.79,0.2
209.83,0.2
209.88,0
209.92,0.2
209.96,0
210,0.2
210.04,1.2
210.08,0.6
210.13,0.2
210.17,0
210.21,0.2
210.25,0
210.29,0
210.33,1.2
210.38,3.6
210.42,2.8
210.46,1.6
210.5,0
210.54,0.2
210.58,0
210.63,0
210.67,0
210.71,0
210.75,0
210.79,0
210.83,0
210.88,0
210.92,0
210.96,0
211,0
211.04,0
211.08,0
211.13,0
211.17,0.4
211.21,1
211.25,0
211.29,0
211.33,0
211.38,0
211.42,0
211.46,0.2
211.5,0
211.54,0
211.58,0.2
211.63,0.2
211.67,1.2
211.71,0
211.75,1.6
211.79,0
211.83,0
211.88,0
211.92,0.2
211.96,3.6
212,0
212.04,0
212.08,0
212.13,3.2
212.17,0.2
212.21,0.2
212.25,0.6
212.29,0
212.33,0
212.38,0
212.42,0
212.46,0
212.5,0
212.54,0
212.58,0.2
212.63,0.2
212.67,0.2
212.71,0.6
212.75,0
212.79,0.2
212.83,0.2
212.88,0
212.92,0
212.96,0
213,0
213.04,0
213.08,0
213.13,0
213.17,0
213.21,0
213.25,0
213.29,0
213.33,0
213.38,0
213.42,0
213.46,0
213.5,0
213.54,0
213.58,0
213.63,0
213.67,0
213.71,0
213.75,0
213.79,0
213.83,0
213.88,0
213.92,0
213.96,0
214,0
214.04,0
214.08,0
214.13,0
214.17,0
214.21,0
214.25,0
214.29,0
214.33,0
214.38,0
214.42,0
214.46,0
214.5,0
214.54,0
214.58,0
214.63,0
214.67,0
214.71,0
214.75,0
214.79,0
214.83,0
214.88,0
214.92,0
214.96,0
215,0
215.04,0
215.08,0
215.13,0
215.17,0
215.21,0
215.25,0
215.29,0
215.33,0
215.38,0
215.42,0
215.46,0
215.5,0
215.54,0
215.58,0
215.63,0
215.67,0
215.71,0
215.75,0
215.79,0
215.83,0
215.88,0
215.92,0
215.96,0
216,0
216.04,0
216.08,0
216.13,0
216.17,0
216.21,0
216.25,0
216.29,0
216.33,0
216.38,0
216.42,0
216.46,0
216.5,0
216.54,0
216.58,0
216.63,0
216.67,0
216.71,0
216.75,0
216.79,0
216.83,0
216.88,0
216.92,0
216.96,0
217,0
217.04,0
217.08,0
217.13,0
217.17,0
217.21,0
217.25,0
217.29,0
217.33,0
217.38,0
217.42,0
217.46,0
217.5,0
217.54,0
217.58,0
217.63,0
217.67,0
217.71,0
217.75,0
217.79,0
217.83,0
217.88,0
217.92,0
217.96,0
218,0
218.04,0
218.08,0
218.13,0
218.17,0
218.21,0
218.25,0
218.29,0
218.33,0.6
218.38,0.8
218.42,0
218.46,0
218.5,0
218.54,0.2
218.58,0.6
218.63,0.4
218.67,0
218.71,0
218.75,0
218.79,0
218.83,0
218.88,0
218.92,0
218.96,0
219,0
219.04,0
219.08,0
219.13,0
219.17,0
219.21,0
219.25,0
219.29,0
219.33,0
219.38,0
219.42,0
219.46,0
219.5,0
219.54,0
219.58,0
219.63,0
219.67,0
219.71,0
219.75,0
219.79,0
219.83,0
219.88,0
219.92,0
219.96,0
220,0
220.04,0
220.08,0
220.13,0
220.17,0
220.21,0
220.25,0
220.29,0
220.33,0
220.38,0
220.42,0
220.46,0
220.5,0
220.54,0
220.58,0
220.63,0
220.67,0
220.71,0
220.75,0
220.79,0.2
220.83,0.2
220.88,0
220.92,0
220.96,0
221,0
221.04,0
221.08,0
221.13,0
221.17,0
221.21,0
221.25,0
221.29,0
221.33,0
221.38,0
221.42,0
221.46,0
221.5,0
221.54,0
221.58,0
221.63,0
221.67,0
221.71,0
221.75,0
221.79,0
221.83,0
221.88,0
221.92,0
221.96,0
222,0
222.04,0
222.08,0
222.13,0
222.17,0
222.21,0
222.25,0
222.29,0
222.33,0
222.38,0
222.42,0
222.46,0
222.5,0
222.54,0
222.58,0
222.63,0
222.67,0
222.71,0
222.75,0
222.79,0
222.83,0
222.88,0
222.92,0
222.96,0
223,0
223.04,0
223.08,0
223.13,0
223.17,0
223.21,0
223.25,0
223.29,0
223.33,0
223.38,0
223.42,0
223.46,0
223.5,0
223.54,0
223.58,0
223.63,0
223.67,0
223.71,0
223.75,0
223.79,0
223.83,0
223.88,0
223.92,0
223.96,0
224,0
224.04,0
224.08,0
224.13,0
224.17,0
224.21,0
224.25,0
224.29,0
224.33,0
224.38,0
224.42,0
224.46,0
224.5,0
224.54,0
224.58,0
224.63,0
224.67,0
224.71,0
224.75,0
224.79,0
224.83,0
224.88,0
224.92,0
224.96,0
225,0
225.04,0
225.08,0
225.13,0
225.17,0
225.21,0
225.25,0
225.29,0
225.33,0
225.38,0
225.42,0
225.46,0
225.5,0
225.54,0
225.58,0
225.63,0
225.67,0
225.71,0
225.75,0
225.79,0
225.83,0
225.88,0
225.92,0
225.96,0
226,0
226.04,0
226.08,0
226.13,0
226.17,0
226.21,0
226.25,0
226.29,0
226.33,0
226.38,0
226.42,0
226.46,0
226.5,0
226.54,0
226.58,0
226.63,0
226.67,0
226.71,0
226.75,0
226.79,0
226.83,0
226.88,0
226.92,0
226.96,0
227,0
227.04,0
227.08,0
227.13,0
227.17,0
227.21,0
227.25,0
227.29,0
227.33,0.2
227.38,0
227.42,0
227.46,0
227.5,0
227.54,2
227.58,2.4
227.63,0.8
227.67,0.2
227.71,0
227.75,0
227.79,0
227.83,0
227.88,0.2
227.92,0
227.96,0
228,0
228.04,0
228.08,0.2
228.13,0
228.17,0.2
228.21,0
228.25,0
228.29,0.4
228.33,0.4
228.38,2
228.42,0.2
228.46,0
228.5,0.6
228.54,0.2
228.58,0.4
228.63,1.8
228.67,0
228.71,0
228.75,0.2
228.79,0.4
228.83,0
228.88,0
228.92,0
228.96,0
229,0
229.04,0
229.08,0.2
229.13,0
229.17,0
229.21,0
229.25,0
229.29,0
229.33,0
229.38,0
229.42,0
229.46,0
229.5,0
229.54,0
229.58,0
229.63,0
229.67,0
229.71,0
229.75,0
229.79,0
229.83,0
229.88,0
229.92,0
229.96,0
230,0
230.04,1.8
230.08,0
230.13,0
230.17,0
230.21,0.2
230.25,0.4
230.29,0
230.33,0.2
230.38,1.8
230.42,0.2
230.46,0
230.5,0
230.54,0
230.58,0
230.63,0
230.67,0
230.71,0
230.75,0
230.79,0
230.83,0
230.88,0
230.92,0
230.96,0
231,1.6
231.04,0
231.08,0
231.13,0
231.17,0
231.21,0
231.25,0
231.29,0.4
231.33,1.2
231.38,0
231.42,0
231.46,0
231.5,0
231.54,0
231.58,0
231.63,0
231.67,0
231.71,0
231.75,0.2
231.79,0
231.83,0.2
231.88,0
231.92,0
231.96,0
232,0.2
232.04,0.2
232.08,0
232.13,0
232.17,0
232.21,0
232.25,0
232.29,0
232.33,0
232.38,0
232.42,0
232.46,0
232.5,0
232.54,0
232.58,0
232.63,0
232.67,0
232.71,0.6
232.75,0
232.79,0
232.83,0
232.88,0
232.92,0
232.96,0
233,0
233.04,0
233.08,0
233.13,0
233.17,0.2
233.21,0.2
233.25,0
233.29,0
233.33,0.2
233.38,0
233.42,0
233.46,0
233.5,0
233.54,0
233.58,0
233.63,0
233.67,0
233.71,0
233.75,0
233.79,0
233.83,0
233.88,0
233.92,0
233.96,0
234,0
234.04,0
234.08,0
234.13,0
234.17,0
234.21,0
234.25,0
234.29,0
234.33,0
234.38,0
234.42,0
234.46,0.2
234.5,0
234.54,0
234.58,0.2
234.63,0.4
234.67,0.4
234.71,0.2
234.75,0
234.79,0
234.83,0.2
234.88,0
234.92,0
234.96,0
235,0
235.04,0
235.08,0.2
235.13,0
235.17,0
235.21,0.2
235.25,1.4
235.29,0
235.33,0
235.38,0
235.42,0.2
235.46,2.2
235.5,0.2
235.54,0.2
235.58,0.4
235.63,0.2
235.67,0
235.71,0
235.75,0
235.79,0
235.83,0
235.88,0
235.92,0
235.96,0
236,0
236.04,0
236.08,0
236.13,0
236.17,0
236.21,0
236.25,0
236.29,0
236.33,0
236.38,0
236.42,0
236.46,0
236.5,0
236.54,0
236.58,0
236.63,0
236.67,0
236.71,0
236.75,0
236.79,0
236.83,0
236.88,0
236.92,0
236.96,0
237,0
237.04,0.2
237.08,0
237.13,0
237.17,0
237.21,0
237.25,0
237.29,0
237.33,0
237.38,0
237.42,0
237.46,0
237.5,0
237.54,0
237.58,0
237.63,0
237.67,0.8
237.71,2
237.75,0.4
237.79,0
237.83,0.2
237.88,0.2
237.92,0
237.96,0.4
238,0.6
238.04,0.4
238.08,0
238.13,0.8
238.17,0.2
238.21,0
238.25,0.4
238.29,0
238.33,0.2
238.38,0.4
238.42,1.8
238.46,0.2
238.5,0
238.54,0
238.58,0
238.63,0.4
238.67,0
238.71,0
238.75,0
238.79,0
238.83,0
238.88,0
238.92,0
238.96,0
239,0
239.04,0
239.08,0
239.13,0
239.17,0
239.21,0
239.25,0
239.29,0
239.33,0
239.38,0
239.42,0
239.46,0
239.5,0
239.54,0
239.58,0
239.63,0
239.67,0
239.71,0
239.75,0
239.79,0.2
239.83,0
239.88,0
239.92,0
239.96,0
240,0
240.04,0
240.08,0
240.13,0
240.17,0
240.21,0.2
240.25,0
240.29,0
240.33,0
240.38,0
240.42,0
240.46,0.2
240.5,0
240.54,0
240.58,0
240.63,0
240.67,0
240.71,0
240.75,0
240.79,0
240.83,0
240.88,0
240.92,0
240.96,0
241,0
241.04,0
241.08,0
241.13,0
241.17,0
241.21,0
241.25,0
241.29,0
241.33,0
241.38,0
241.42,0
241.46,0
241.5,0
241.54,0
241.58,0
241.63,0
241.67,0
241.71,0
241.75,0
241.79,0
241.83,0
241.88,0
241.92,0
241.96,0
242,0
242.04,0
242.08,0
242.13,0
242.17,0
242.21,0
242.25,0
242.29,0
242.33,1
242.38,0.4
242.42,0
242.46,0
242.5,0
242.54,0
242.58,0
242.63,0
242.67,0.2
242.71,0.2
242.75,0
242.79,0
242.83,0
242.88,0.6
242.92,0.2
242.96,0.2
243,0.4
243.04,0.2
243.08,0
243.13,0
243.17,0
243.21,0
243.25,0
243.29,0
243.33,0
243.38,0
243.42,0
243.46,0
243.5,0
243.54,0
243.58,0
243.63,0.8
243.67,0.2
243.71,0
243.75,0
243.79,0
243.83,0
243.88,0
243.92,0
243.96,0
244,0
244.04,0.2
244.08,0
244.13,0
244.17,0.2
244.21,0
244.25,0
244.29,0
244.33,0.2
244.38,0
244.42,0
244.46,0
244.5,0
244.54,0
244.58,0.4
244.63,0.2
244.67,0
244.71,0
244.75,0
244.79,0
244.83,0.2
244.88,0
244.92,0
244.96,0
245,0
245.04,0
245.08,1.8
245.13,3.8
245.17,10.6
245.21,8.2
245.25,2.4
245.29,1.8
245.33,0.6
245.38,0.2
245.42,0
245.46,0
245.5,0
245.54,0
245.58,0
245.63,0
245.67,0
245.71,0
245.75,0
245.79,0
245.83,0.2
245.88,0
245.92,0
245.96,0
246,0
246.04,0
246.08,0
246.13,0
246.17,0
246.21,0
246.25,0
246.29,0
246.33,0.4
246.38,1.2
246.42,0
246.46,0.2
246.5,0
246.54,0
246.58,0
246.63,0
246.67,0
246.71,0
246.75,0
246.79,0
246.83,0
246.88,0
246.92,0
246.96,0
247,0
247.04,0
247.08,0
247.13,0
247.17,0
247.21,0
247.25,0.2
247.29,0
247.33,0
247.38,0
247.42,0.6
247.46,0
247.5,0
247.54,0.4
247.58,0
247.63,0.2
247.67,0.2
247.71,0.4
247.75,0.2
247.79,0
247.83,0.2
247.88,0.2
247.92,0
247.96,0.2
248,0
248.04,0
248.08,0
248.13,0
248.17,0.2
248.21,0
248.25,0
248.29,0
248.33,0
248.38,0
248.42,0
248.46,0
248.5,0
248.54,0
248.58,0
248.63,0
248.67,0
248.71,0
248.75,0
248.79,0
248.83,0
248.88,0.2
248.92,0
248.96,0.2
249,0.4
249.04,0
249.08,0
249.13,1.4
249.17,1.6
249.21,0.6
249.25,0
249.29,0.2
249.33,0
249.38,0
249.42,0
249.46,0
249.5,0
249.54,0
249.58,0
249.63,0
249.67,0
249.71,0
249.75,0
249.79,0
249.83,0
249.88,0
249.92,0
249.96,0
250,0
250.04,0
250.08,0
250.13,0
250.17,0
250.21,0
250.25,0
250.29,0
250.33,0
250.38,0
250.42,0
250.46,0
250.5,0
250.54,0
250.58,0
250.63,0
250.67,0
250.71,0
250.75,0
250.79,0
250.83,0
250.88,0
250.92,0
250.96,0
251,0
251.04,0
251.08,0
251.13,0
251.17,0
251.21,0
251.25,0
251.29,0
251.33,0
251.38,0
251.42,0
251.46,0
251.5,0
251.54,0
251.58,0
251.63,0
251.67,0
251.71,0
251.75,0
251.79,0
251.83,0
251.88,0
251.92,0
251.96,0
252,0
252.04,0
252.08,0
252.13,0
252.17,0
252.21,0
252.25,0
252.29,0
252.33,0
252.38,0
252.42,0
252.46,0
252.5,0
252.54,0
252.58,0
252.63,0
252.67,0
252.71,0
252.75,0
252.79,0
252.83,0
252.88,0.2
252.92,0.2
252.96,0
253,0.2
253.04,0
253.08,0
253.13,0
253.17,0.4
253.21,0.2
253.25,0
253.29,0
253.33,0
253.38,0
253.42,0
253.46,0
253.5,0
253.54,0
253.58,0
253.63,0
253.67,0
253.71,0
253.75,0
253.79,0
253.83,0.2
253.88,0
253.92,0.8
253.96,1
254,0.2
254.04,1.4
254.08,2.2
254.13,1.8
254.17,1.8
254.21,0.6
254.25,0
254.29,0
254.33,0
254.38,0
254.42,0
254.46,0
254.5,0.2
254.54,0
254.58,0
254.63,0
254.67,0
254.71,0.2
254.75,0.2
254.79,0.4
254.83,0
254.88,0
254.92,0
254.96,0.2
255,0
255.04,0
255.08,0.2
255.13,1.8
255.17,0
255.21,0
255.25,0
255.29,0
255.33,0
255.38,0
255.42,0
255.46,0
255.5,0
255.54,0
255.58,0
255.63,0
255.67,0
255.71,0
255.75,0
255.79,0
255.83,0.2
255.88,0
255.92,0
255.96,0
256,0
256.04,0.8
256.08,2.8
256.13,2.4
256.17,2
256.21,2.6
256.25,1.6
256.29,0
256.33,0
256.38,0
256.42,0.2
256.46,0
256.5,0
256.54,0.2
256.58,0
256.63,0
256.67,0
256.71,0
256.75,0
256.79,0
256.83,0
256.88,0
256.92,0
256.96,0
257,0
257.04,0
257.08,0
257.13,0
257.17,0
257.21,0
257.25,0
257.29,0
257.33,0
257.38,0
257.42,0
257.46,0
257.5,0
257.54,0
257.58,0
257.63,0
257.67,0
257.71,0
257.75,0
257.79,0
257.83,0
257.88,0
257.92,0
257.96,0
258,0
258.04,0
258.08,0
258.13,0
258.17,0
258.21,0
258.25,0
258.29,0
258.33,0
258.38,0
258.42,0
258.46,0
258.5,0
258.54,0
258.58,0
258.63,0
258.67,0
258.71,0
258.75,0
258.79,0
258.83,0
258.88,0
258.92,0
258.96,0
259,0
259.04,0
259.08,0
259.13,0
259.17,0
259.21,0
259.25,0
259.29,0
259.33,0
259.38,0
259.42,0
259.46,0
259.5,0
259.54,0
259.58,0
259.63,0.6
259.67,1.4
259.71,0.8
259.75,0.2
259.79,0
259.83,0
259.88,1.2
259.92,0
259.96,0
260,0
260.04,0
260.08,0
260.13,0
260.17,0
260.21,0
260.25,0
260.29,0.4
260.33,0
260.38,0
260.42,0.2
260.46,0
260.5,0
260.54,0
260.58,0
260.63,0.2
260.67,0
260.71,0
260.75,0
260.79,0
260.83,0
260.88,0
260.92,0
260.96,0
261,0
261.04,0
261.08,0
261.13,0
261.17,0.2
261.21,0.6
261.25,0.4
261.29,2.2
261.33,9.2
261.38,0.8
261.42,0
261.46,4.8
261.5,0.4
261.54,0
261.58,0
261.63,0
261.67,0
261.71,0.4
261.75,0
261.79,0
261.83,0
261.88,0
261.92,0.2
261.96,0
262,0
262.04,0
262.08,0
262.13,0
262.17,0
262.21,0
262.25,0
262.29,0
262.33,0
262.38,0
262.42,0
262.46,0
262.5,0.2
262.54,0
262.58,0
262.63,0
262.67,0
262.71,0
262.75,0
262.79,0
262.83,0
262.88,1.2
262.92,5.2
262.96,1.4
263,0.6
263.04,0.2
263.08,0.6
263.13,3
263.17,3.6
263.21,3
263.25,2
263.29,2
263.33,2
263.38,3
263.42,0.8
263.46,0.8
263.5,1.4
263.54,1
263.58,1.4
263.63,0.6
263.67,0.6
263.71,0.4
263.75,1
263.79,0.4
263.83,0.6
263.88,0.6
263.92,0.8
263.96,1.4
264,0.6
264.04,1.2
264.08,2
264.13,1.6
264.17,1.6
264.21,2
264.25,4.4
264.29,1.4
264.33,8
264.38,8
264.42,11.6
264.46,3
264.5,1
264.54,1
264.58,1.6
264.63,0.4
264.67,0.4
264.71,2.2
264.75,1.6
264.79,8.8
264.83,3.8
264.88,1.8
264.92,0.2
264.96,0
265,0.4
265.04,1.8
265.08,0
265.13,0
265.17,0.2
265.21,0
265.25,0
265.29,0
265.33,0
265.38,0
265.42,0
265.46,0.2
265.5,0
265.54,0
265.58,0
265.63,0
265.67,0
265.71,0.2
265.75,2
265.79,0.2
265.83,0
265.88,1.8
265.92,2.4
265.96,0.6
266,1.8
266.04,3.8
266.08,2.2
266.13,1
266.17,0
266.21,2
266.25,0
266.29,0
266.33,0
266.38,0
266.42,0.4
266.46,2
266.5,0
266.54,0
266.58,0
266.63,0
266.67,0.2
266.71,0.2
266.75,0.2
266.79,0.2
266.83,0
266.88,1.6
266.92,0.4
266.96,0.8
267,0
267.04,0
267.08,0.6
267.13,0.2
267.17,0.2
267.21,0.2
267.25,0
267.29,0
267.33,0
267.38,0
267.42,0
267.46,0
267.5,0
267.54,0
267.58,0
267.63,0
267.67,0
267.71,0
267.75,0
267.79,0
267.83,0
267.88,0
267.92,0
267.96,0
268,0
268.04,0
268.08,0
268.13,0
268.17,0
268.21,0
268.25,0
268.29,0.2
268.33,0
268.38,0
268.42,0
268.46,0
268.5,0
268.54,0
268.58,0
268.63,0
268.67,0
268.71,0
268.75,0
268.79,0
268.83,0
268.88,0
268.92,0
268.96,0
269,0
269.04,0
269.08,0
269.13,0
269.17,0
269.21,0
269.25,0
269.29,0
269.33,0
269.38,0
269.42,0
269.46,0
269.5,0
269.54,0
269.58,0
269.63,0
269.67,0
269.71,0
269.75,0
269.79,0
269.83,0
269.88,0
269.92,0.2
269.96,0
270,0
270.04,0
270.08,0.2
270.13,0.4
270.17,1.4
270.21,2
270.25,5.6
270.29,4.6
270.33,8.8
270.38,6.8
270.42,2.6
270.46,1.2
270.5,1.2
270.54,0.8
270.58,0.2
270.63,0.2
270.67,0
270.71,0
270.75,0
270.79,0
270.83,0
270.88,0
270.92,0
270.96,0
271,0
271.04,0
271.08,0
271.13,0
271.17,0
271.21,0
271.25,0
271.29,0
271.33,0
271.38,0.2
271.42,0
271.46,0
271.5,0
271.54,0
271.58,0
271.63,0
271.67,0
271.71,0
271.75,0.8
271.79,0.4
271.83,2
271.88,0.4
271.92,0.8
271.96,0
272,2.8
272.04,0
272.08,0.2
272.13,0.2
272.17,0
272.21,0
272.25,0
272.29,0
272.33,0
272.38,0
272.42,0
272.46,0
272.5,0
272.54,1.2
272.58,0.6
272.63,0.2
272.67,0
272.71,0
272.75,0
272.79,0
272.83,0
272.88,0
272.92,0
272.96,0
273,1.2
273.04,4.2
273.08,4.4
273.13,0.2
273.17,1
273.21,9.6
273.25,4.2
273.29,0
273.33,0
273.38,0
273.42,4.2
273.46,0.2
273.5,0.4
273.54,1.2
273.58,0.2
273.63,0
273.67,2.6
273.71,2
273.75,0.4
273.79,1.6
273.83,0
273.88,0
273.92,0.4
273.96,0.2
274,0.2
274.04,2.2
274.08,0.8
274.13,0
274.17,0
274.21,0
274.25,0
274.29,0
274.33,0
274.38,0
274.42,0
274.46,0
274.5,0
274.54,0
274.58,1.4
274.63,0.8
274.67,0.6
274.71,0
274.75,0
274.79,0
274.83,0
274.88,0
274.92,0
274.96,0
275,0
275.04,0
275.08,1
275.13,0.4
275.17,0.6
275.21,0.2
275.25,0
275.29,0
275.33,0.2
275.38,0
275.42,0.2
275.46,0.6
275.5,0.2
275.54,0
275.58,0
275.63,0
275.67,0
275.71,0
275.75,0
275.79,0
275.83,0
275.88,0
275.92,0
275.96,0
276,0
276.04,0.2
276.08,0
276.13,0
276.17,0.2
276.21,0
276.25,0
276.29,0
276.33,0
276.38,0
276.42,0
276.46,0
276.5,0.2
276.54,0
276.58,0.4
276.63,0
276.67,0.8
276.71,0
276.75,0
276.79,0
276.83,0
276.88,0
276.92,0
276.96,0
277,0
277.04,0
277.08,0
277.13,0
277.17,0
277.21,0
277.25,0
277.29,0
277.33,0
277.38,0
277.42,0
277.46,0
277.5,0.2
277.54,0
277.58,0
277.63,0
277.67,0
277.71,0
277.75,0
277.79,0
277.83,0
277.88,0
277.92,0
277.96,0
278,0.6
278.04,2.4
278.08,1.2
278.13,0.4
278.17,2.2
278.21,2.6
278.25,1.2
278.29,0.4
278.33,1
278.38,1.8
278.42,0
278.46,0
278.5,0
278.54,0
278.58,0.6
278.63,0
278.67,0
278.71,0
278.75,0.2
278.79,0
278.83,0.2
278.88,1.2
278.92,0
278.96,0
279,0
279.04,0
279.08,0.2
279.13,0.2
279.17,0
279.21,0
279.25,0
279.29,0
279.33,0
279.38,0.4
279.42,5.6
279.46,0.4
279.5,0.4
279.54,0.4
279.58,0
279.63,0.2
279.67,0
279.71,0
279.75,0
279.79,0
279.83,0
279.88,0
279.92,0
279.96,0
280,0
280.04,0
280.08,0
280.13,0
280.17,0
280.21,0
280.25,0
280.29,0
280.33,0
280.38,0
280.42,0
280.46,0
280.5,0
280.54,0
280.58,0
280.63,0
280.67,0
280.71,0
280.75,0
280.79,0
280.83,0
280.88,0
280.92,0
280.96,0
281,0
281.04,0
281.08,0
281.13,0
281.17,0
281.21,0
281.25,0
281.29,0
281.33,0.2
281.38,0
281.42,0
281.46,0.2
281.5,0.2
281.54,0.4
281.58,0.2
281.63,0
281.67,0
281.71,0
281.75,0
281.79,0
281.83,1.2
281.88,0
281.92,0.8
281.96,0.6
282,0
282.04,0
282.08,0
282.13,0
282.17,0
282.21,0
282.25,0
282.29,0
282.33,0
282.38,0
282.42,0
282.46,0
282.5,0
282.54,0
282.58,0
282.63,0
282.67,0
282.71,0
282.75,0
282.79,0
282.83,0
282.88,0
282.92,0
282.96,0
283,0
283.04,0
283.08,0
283.13,0
283.17,0
283.21,0
283.25,0
283.29,0
283.33,0
283.38,0
283.42,0
283.46,0
283.5,0
283.54,0
283.58,0.4
283.63,0.2
283.67,1.4
283.71,4.8
283.75,6
283.79,0.2
283.83,1.6
283.88,4
283.92,6.6
283.96,4.8
284,0.8
284.04,0
284.08,0
284.13,0
284.17,0
284.21,0.2
284.25,0
284.29,0
284.33,0
284.38,0
284.42,0
284.46,0
284.5,0
284.54,0
284.58,0
284.63,0
284.67,0
284.71,0
284.75,0
284.79,0
284.83,0
284.88,0
284.92,0.2
284.96,1.6
285,0.2
285.04,0
285.08,0
285.13,0
285.17,0
285.21,0
285.25,0
285.29,0
285.33,0
285.38,0
285.42,0
285.46,0
285.5,0
285.54,0
285.58,0
285.63,0
285.67,0
285.71,0
285.75,0
285.79,0
285.83,0
285.88,0
285.92,0
285.96,0
286,0
286.04,0
286.08,0
286.13,0.2
286.17,0
286.21,0
286.25,0
286.29,0
286.33,0
286.38,0
286.42,0
286.46,0
286.5,0.2
286.54,0
286.58,0
286.63,0
286.67,0
286.71,0
286.75,0
286.79,0
286.83,0
286.88,0
286.92,0
286.96,0
287,0
287.04,0
287.08,0
287.13,0
287.17,0
287.21,0
287.25,0
287.29,0
287.33,0
287.38,0
287.42,0
287.46,0
287.5,0
287.54,0
287.58,0
287.63,0
287.67,0
287.71,0
287.75,0
287.79,0
287.83,0
287.88,0
287.92,0
287.96,0
288,0
288.04,0
288.08,0
288.13,0
288.17,0
288.21,0
288.25,0
288.29,0
288.33,0
288.38,0
288.42,0
288.46,0
288.5,0
288.54,0
288.58,0
288.63,0
288.67,0
288.71,0
288.75,0
288.79,0
288.83,0
288.88,0
288.92,0
288.96,0
289,0
289.04,0
289.08,0
289.13,0
289.17,0
289.21,0
289.25,0
289.29,0
289.33,0
289.38,0
289.42,0
289.46,0
289.5,0
289.54,0
289.58,0
289.63,0
289.67,0.4
289.71,0.2
289.75,0.2
289.79,0.2
289.83,0
289.88,0
289.92,0
289.96,0
290,0
290.04,0
290.08,0
290.13,0
290.17,0
290.21,0
290.25,0
290.29,0.6
290.33,0.6
290.38,0.6
290.42,0.8
290.46,3.2
290.5,0.2
290.54,0
290.58,0
290.63,0
290.67,0
290.71,0
290.75,0
290.79,0.2
290.83,0
290.88,0
290.92,0
290.96,0
291,0
291.04,0.2
291.08,0
291.13,0
291.17,0
291.21,3.2
291.25,1.2
291.29,0.6
291.33,0.6
291.38,1.2
291.42,1.4
291.46,1.8
291.5,0.6
291.54,0.8
291.58,3.2
291.63,2
291.67,0.6
291.71,0.4
291.75,0.2
291.79,0
291.83,0
291.88,0
291.92,0
291.96,0
292,0
292.04,0
292.08,0
292.13,0
292.17,0.6
292.21,0.2
292.25,0
292.29,0
292.33,0
292.38,0
292.42,1
292.46,0
292.5,0
292.54,0.2
292.58,0
292.63,0
292.67,0.2
292.71,0.6
292.75,4
292.79,2.2
292.83,1
292.88,0
292.92,0
292.96,0
293,0
293.04,0
293.08,0
293.13,0
293.17,0
293.21,0
293.25,0
293.29,0
293.33,0
293.38,0
293.42,0
293.46,0
293.5,0
293.54,0
293.58,0
293.63,0
293.67,0
293.71,0
293.75,0
293.79,0
293.83,0.2
293.88,0
293.92,0
293.96,0
294,0
294.04,0
294.08,0
294.13,0
294.17,0
294.21,0.4
294.25,2.8
294.29,1.2
294.33,0.8
294.38,0.4
294.42,1.6
294.46,0
294.5,5.6
294.54,2.8
294.58,1.6
294.63,0.8
294.67,0
294.71,0
294.75,0
294.79,0.2
294.83,0
294.88,0.4
294.92,1
294.96,0.2
295,0
295.04,0.4
295.08,0
295.13,0
295.17,0
295.21,0
295.25,0
295.29,0
295.33,0
295.38,0
295.42,0
295.46,0
295.5,0
295.54,0
295.58,0
295.63,0
295.67,0
295.71,0
295.75,0
295.79,0
295.83,0
295.88,0.2
295.92,0.2
295.96,0
296,0
296.04,0
296.08,0
296.13,0
296.17,0
296.21,0
296.25,0
296.29,0
296.33,0
296.38,0
296.42,0
296.46,0
296.5,0
296.54,0
296.58,0
296.63,0
296.67,0
296.71,0
296.75,0
296.79,0
296.83,0
296.88,0
296.92,0
296.96,0
297,0
297.04,0
297.08,0
297.13,0.2
297.17,0
297.21,0
297.25,0
297.29,0
297.33,0
297.38,0
297.42,0
297.46,0
297.5,0
297.54,0
297.58,0
297.63,0.8
297.67,0.2
297.71,0.2
297.75,0
297.79,0
297.83,0
297.88,0
297.92,0
297.96,0
298,0
298.04,0
298.08,0
298.13,0
298.17,0
298.21,0
298.25,0.2
298.29,1.4
298.33,3
298.38,2
298.42,3.6
298.46,6.6
298.5,6.2
298.54,6.8
298.58,4
298.63,4.2
298.67,3.4
298.71,1.2
298.75,2.4
298.79,1
298.83,0.4
298.88,0.6
298.92,0.4
298.96,2.2
299,3.6
299.04,0.8
299.08,0.2
299.13,0.4
299.17,0.2
299.21,0
299.25,0
299.29,0
299.33,0
299.38,0
299.42,0
299.46,0
299.5,0
299.54,0
299.58,0
299.63,0
299.67,0
299.71,0
299.75,0
299.79,0
299.83,0
299.88,0
299.92,0
299.96,0
300,0
300.04,0
300.08,0
300.13,0
300.17,0
300.21,0
300.25,0.2
300.29,0.4
300.33,1.4
300.38,0.2
300.42,0.2
300.46,0
300.5,0
300.54,0
300.58,0
300.63,0
300.67,0
300.71,0
300.75,0
300.79,0
300.83,0
300.88,0
300.92,0
300.96,0
301,0
301.04,0
301.08,0
301.13,0
301.17,0
301.21,0
301.25,0
301.29,0
301.33,0
301.38,0
301.42,0
301.46,0
301.5,0
301.54,0
301.58,0
301.63,0
301.67,0
301.71,0
301.75,0
301.79,0
301.83,0
301.88,0
301.92,0
301.96,0
302,0
302.04,0.2
302.08,0
302.13,0
302.17,0
302.21,0
302.25,0
302.29,0
302.33,0
302.38,0.4
302.42,0
302.46,0.2
302.5,0
302.54,0
302.58,0
302.63,0
302.67,0
302.71,0
302.75,0
302.79,0
302.83,0
302.88,0
302.92,0
302.96,0
303,0
303.04,0
303.08,0
303.13,0
303.17,0
303.21,0
303.25,0
303.29,0
303.33,0
303.38,0
303.42,0
303.46,0
303.5,0
303.54,0
303.58,0
303.63,0
303.67,0
303.71,0
303.75,0
303.79,0
303.83,0.2
303.88,0
303.92,0
303.96,0
304,0.2
304.04,0
304.08,0
304.13,0
304.17,0
304.21,0
304.25,0
304.29,0
304.33,0
304.38,0
304.42,0
304.46,0
304.5,0
304.54,0
304.58,0
304.63,0
304.67,0
304.71,0
304.75,0
304.79,0
304.83,0
304.88,0
304.92,0
304.96,0
305,0
305.04,0
305.08,0
305.13,0
305.17,0
305.21,0
305.25,0
305.29,0
305.33,0
305.38,0
305.42,0
305.46,0
305.5,0
305.54,0
305.58,0
305.63,0
305.67,0
305.71,0
305.75,0
305.79,0
305.83,0
305.88,0
305.92,0
305.96,0
306,0
306.04,0
306.08,0
306.13,0
306.17,0
306.21,0
306.25,0
306.29,0
306.33,0
306.38,0
306.42,0
306.46,0
306.5,0
306.54,0
306.58,0
306.63,0
306.67,0
306.71,0
306.75,0
306.79,0
306.83,0
306.88,0
306.92,0
306.96,0
307,0
307.04,0
307.08,0
307.13,0
307.17,0
307.21,0
307.25,0
307.29,0
307.33,0
307.38,0
307.42,0
307.46,0
307.5,0
307.54,0
307.58,0
307.63,0
307.67,0
307.71,0
307.75,0
307.79,0
307.83,0
307.88,0
307.92,0
307.96,0
308,0
308.04,0
308.08,0
308.13,0
308.17,0
308.21,0
308.25,0
308.29,0
308.33,0
308.38,0
308.42,0
308.46,0
308.5,0
308.54,0
308.58,0
308.63,0
308.67,0
308.71,0
308.75,0
308.79,0
308.83,0
308.88,0
308.92,0
308.96,0
309,0
309.04,0
309.08,0
309.13,0
309.17,0
309.21,0
309.25,0
309.29,0
309.33,0
309.38,0
309.42,0
309.46,0
309.5,0
309.54,0
309.58,0
309.63,0
309.67,0
309.71,0
309.75,0
309.79,0
309.83,0
309.88,0
309.92,0
309.96,0
310,0
310.04,0
310.08,0
310.13,0
310.17,0
310.21,0
310.25,0
310.29,0
310.33,0
310.38,0
310.42,0
310.46,0
310.5,0
310.54,0
310.58,0
310.63,0
310.67,0
310.71,0
310.75,0
310.79,0
310.83,0
310.88,0
310.92,0
310.96,0
311,0
311.04,0
311.08,0
311.13,0
311.17,0
311.21,0
311.25,0
311.29,0
311.33,0
311.38,0
311.42,0.6
311.46,0.2
311.5,0
311.54,0
311.58,0
311.63,0
311.67,0
311.71,0
311.75,0
311.79,0
311.83,0
311.88,0
311.92,0
311.96,0
312,0.2
312.04,0.6
312.08,0
312.13,0
312.17,0
312.21,0
312.25,0
312.29,0
312.33,0.2
312.38,0
312.42,0
312.46,0
312.5,0
312.54,0
312.58,0.4
312.63,1
312.67,0.6
312.71,0
312.75,0
312.79,0.4
312.83,0
312.88,0
312.92,0
312.96,0
313,0
313.04,0
313.08,0
313.13,0
313.17,0
313.21,0
313.25,0
313.29,0
313.33,0
313.38,0
313.42,0
313.46,0
313.5,0
313.54,0
313.58,0
313.63,0
313.67,0
313.71,0
313.75,0
313.79,0
313.83,0
313.88,0
313.92,0
313.96,0
314,0
314.04,0
314.08,0
314.13,0
314.17,0
314.21,0.2
314.25,0
314.29,0.2
314.33,0.2
314.38,0.6
314.42,1.2
314.46,0.4
314.5,1.4
314.54,2
314.58,1.2
314.63,0.4
314.67,0
314.71,0.2
314.75,1.2
314.79,0.8
314.83,0.4
314.88,0
314.92,0.2
314.96,0
315,0
315.04,0
315.08,0
315.13,0
315.17,0
315.21,0
315.25,0
315.29,0
315.33,0
315.38,0
315.42,0
315.46,0
315.5,0
315.54,0
315.58,0
315.63,0
315.67,0
315.71,0
315.75,0.6
315.79,0.2
315.83,0.6
315.88,0.2
315.92,0.2
315.96,0
316,0
316.04,0.2
316.08,0
316.13,0
316.17,0
316.21,0
316.25,0
316.29,0
316.33,0
316.38,0
316.42,0
316.46,0
316.5,0
316.54,0
316.58,0
316.63,0
316.67,0
316.71,0
316.75,0
316.79,0
316.83,0.4
316.88,0
316.92,0
316.96,0
317,0
317.04,0.2
317.08,0
317.13,0
317.17,0
317.21,0
317.25,0
317.29,0
317.33,0
317.38,0
317.42,0
317.46,0.2
317.5,0
317.54,0
317.58,0
317.63,0
317.67,0.2
317.71,0
317.75,0
317.79,0
317.83,0
317.88,0
317.92,0
317.96,0
318,0
318.04,0
318.08,0
318.13,0.2
318.17,0
318.21,0
318.25,0
318.29,0.4
318.33,1.4
318.38,0.6
318.42,0
318.46,0.4
318.5,0
318.54,0.2
318.58,0
318.63,0
318.67,0
318.71,0
318.75,0
318.79,0
318.83,0
318.88,0.8
318.92,0.6
318.96,0.2
319,0.4
319.04,0.8
319.08,0.6
319.13,0.2
319.17,0.2
319.21,0.2
319.25,0.2
319.29,1.8
319.33,3
319.38,4
319.42,3
319.46,1.8
319.5,2.6
319.54,1.4
319.58,1.2
319.63,1.6
319.67,1.4
319.71,1.8
319.75,0.2
319.79,0
319.83,0
319.88,0.2
319.92,0.2
319.96,0
320,0
320.04,0.4
320.08,0
320.13,0
320.17,0
320.21,0
320.25,0
320.29,0
320.33,0
320.38,0
320.42,0
320.46,0
320.5,0.2
320.54,0
320.58,0
320.63,0
320.67,0
320.71,0
320.75,0
320.79,0.2
320.83,0.6
320.88,0.8
320.92,0.8
320.96,0.2
321,0.4
321.04,0.6
321.08,0.6
321.13,2.2
321.17,1.6
321.21,0.2
321.25,0
321.29,0
321.33,0
321.38,0
321.42,0
321.46,0
321.5,1
321.54,2.2
321.58,0.2
321.63,0
321.67,0.2
321.71,0.2
321.75,0.2
321.79,0.2
321.83,0.6
321.88,0
321.92,0.8
321.96,1
322,0.2
322.04,0.2
322.08,0
322.13,0
322.17,0
322.21,0
322.25,0.6
322.29,0.2
322.33,0.4
322.38,0
322.42,0.6
322.46,0
322.5,0
322.54,0
322.58,0
322.63,0
322.67,0
322.71,0
322.75,0.2
322.79,0.8
322.83,0.2
322.88,0.2
322.92,0
322.96,0
323,0
323.04,0
323.08,0
323.13,0
323.17,0
323.21,0
323.25,0
323.29,0
323.33,0
323.38,1.4
323.42,0.4
323.46,0.4
323.5,1
323.54,2
323.58,3.2
323.63,5.6
323.67,6
323.71,4.4
323.75,0.6
323.79,0
323.83,0
323.88,1.4
323.92,0.6
323.96,0
324,0.2
324.04,0.2
324.08,0
324.13,0.2
324.17,0
324.21,0
324.25,0
324.29,0
324.33,0.2
324.38,0.4
324.42,0.4
324.46,0
324.5,0
324.54,0.6
324.58,0
324.63,0
324.67,0
324.71,0.8
324.75,0.4
324.79,0.6
324.83,0.2
324.88,0.2
324.92,1
324.96,0
325,0.2
325.04,0
325.08,0.2
325.13,0
325.17,0
325.21,0.2
325.25,0.4
325.29,1.4
325.33,0.2
325.38,0.2
325.42,0
325.46,0
325.5,0
325.54,0
325.58,0
325.63,0
325.67,0
325.71,0.2
325.75,0.4
325.79,0
325.83,0
325.88,0
325.92,0
325.96,0
326,0
326.04,0
326.08,0
326.13,0
326.17,0
326.21,0.2
326.25,0.2
326.29,0
326.33,0
326.38,0
326.42,0.4
326.46,0.6
326.5,0.4
326.54,0
326.58,0.4
326.63,0.4
326.67,0.6
326.71,0.4
326.75,3
326.79,3.4
326.83,1.6
326.88,0.6
326.92,0
326.96,0
327,1.6
327.04,0.2
327.08,0.4
327.13,0
327.17,0
327.21,0.2
327.25,0.2
327.29,0.6
327.33,0
327.38,0.4
327.42,0.4
327.46,0
327.5,0
327.54,0.2
327.58,0
327.63,0
327.67,0
327.71,0.2
327.75,0.8
327.79,0
327.83,0
327.88,0
327.92,0.4
327.96,0
328,0
328.04,0
328.08,0.6
328.13,1.6
328.17,0.8
328.21,1
328.25,2.4
328.29,1.4
328.33,0.2
328.38,1
328.42,0
328.46,0.4
328.5,0
328.54,0
328.58,0.4
328.63,0
328.67,0
328.71,0
328.75,0
328.79,0
328.83,0
328.88,0
328.92,0
328.96,0
329,0
329.04,0
329.08,0
329.13,0.4
329.17,0.2
329.21,0
329.25,0
329.29,0
329.33,0
329.38,0
329.42,0
329.46,0
329.5,0
329.54,0
329.58,0.2
329.63,0.4
329.67,0
329.71,0
329.75,0
329.79,0
329.83,0
329.88,0.2
329.92,0.6
329.96,0
330,0
330.04,0
330.08,0.2
330.13,0.2
330.17,0
330.21,0
330.25,0
330.29,0
330.33,0
330.38,0
330.42,0
330.46,0
330.5,0.6
330.54,2
330.58,0.4
330.63,1
330.67,3.8
330.71,5.2
330.75,5.4
330.79,6.8
330.83,8
330.88,0.2
330.92,0
330.96,0.4
331,0.4
331.04,1.4
331.08,0
331.13,0
331.17,1.2
331.21,0.8
331.25,0
331.29,1.8
331.33,0
331.38,0
331.42,0
331.46,0
331.5,0.6
331.54,0
331.58,0
331.63,0
331.67,0
331.71,0
331.75,0
331.79,1
331.83,0.2
331.88,0
331.92,0.2
331.96,0.2
332,3.8
332.04,1
332.08,0
332.13,0
332.17,2.2
332.21,0
332.25,0
332.29,0
332.33,0.2
332.38,0.4
332.42,0
332.46,0.4
332.5,0.2
332.54,1
332.58,1
332.63,0
332.67,0
332.71,0
332.75,0
332.79,0
332.83,0
332.88,0
332.92,0
332.96,0.8
333,3.8
333.04,0.2
333.08,0
333.13,0
333.17,0.6
333.21,0
333.25,0
333.29,0
333.33,0
333.38,0
333.42,0.2
333.46,0
333.5,0
333.54,0
333.58,0.2
333.63,0.2
333.67,0
333.71,0
333.75,0
333.79,0.2
333.83,0
333.88,0
333.92,0
333.96,0
334,0
334.04,0
334.08,0
334.13,0
334.17,0
334.21,0
334.25,0
334.29,3.2
334.33,6
334.38,7.8
334.42,4.2
334.46,3.8
334.5,3.8
334.54,4.8
334.58,4.4
334.63,4.8
334.67,2.6
334.71,3.4
334.75,1.8
334.79,0.4
334.83,0
334.88,0
334.92,0.4
334.96,0
335,0
335.04,0
335.08,0
335.13,0
335.17,0
335.21,0
335.25,0
335.29,0
335.33,0
335.38,0.2
335.42,1
335.46,0.8
335.5,2.8
335.54,0.2
335.58,0
335.63,1.8
335.67,0.8
335.71,0.2
335.75,0.6
335.79,0.2
335.83,0.2
335.88,0
335.92,0
335.96,1
336,0.2
336.04,0
336.08,0
336.13,1.8
336.17,0
336.21,1.2
336.25,0.4
336.29,0.2
336.33,0.2
336.38,0.8
336.42,0
336.46,0.2
336.5,0.4
336.54,0
336.58,0
336.63,0.2
336.67,2.8
336.71,1.6
336.75,2.2
336.79,2.2
336.83,4.8
336.88,5.4
336.92,7.2
336.96,9.2
337,3.2
337.04,0.4
337.08,1.2
337.13,1
337.17,0.2
337.21,0
337.25,0
337.29,0.4
337.33,0
337.38,0.4
337.42,0
337.46,0.2
337.5,0.2
337.54,0
337.58,0
337.63,0.8
337.67,1.6
337.71,0.2
337.75,0
337.79,0
337.83,0
337.88,0
337.92,0.2
337.96,0.4
338,0
338.04,0.4
338.08,0
338.13,0.2
338.17,0
338.21,0.2
338.25,0
338.29,0
338.33,0
338.38,0
338.42,0
338.46,0
338.5,0.8
338.54,1.4
338.58,1.8
338.63,1.6
338.67,1.4
338.71,1.2
338.75,0.2
338.79,1.6
338.83,0.4
338.88,0.6
338.92,0.8
338.96,0.2
339,0
339.04,0
339.08,0
339.13,0
339.17,1
339.21,0.6
339.25,0.2
339.29,0.4
339.33,0.6
339.38,0.6
339.42,1
339.46,0.6
339.5,0.6
339.54,0.4
339.58,0
339.63,0
339.67,0.4
339.71,0.2
339.75,0.6
339.79,0.4
339.83,0
339.88,1.4
339.92,0
339.96,0
340,0.2
340.04,0
340.08,0
340.13,0
340.17,0
340.21,0
340.25,0
340.29,0
340.33,0
340.38,0.2
340.42,0
340.46,0
340.5,0
340.54,0
340.58,0.2
340.63,0.6
340.67,0.8
340.71,1.4
340.75,2.6
340.79,0
340.83,0.2
340.88,0
340.92,0
340.96,0
341,1.8
341.04,0.2
341.08,0
341.13,0.2
341.17,0.2
341.21,0
341.25,1.2
341.29,0.2
341.33,1
341.38,1.4
341.42,0.4
341.46,0.4
341.5,0
341.54,0
341.58,0
341.63,1
341.67,0.2
341.71,0
341.75,0
341.79,0.4
341.83,0.8
341.88,0.6
341.92,0.8
341.96,0.2
342,0.4
342.04,0.4
342.08,0
342.13,0
342.17,0
342.21,0.4
342.25,0.4
342.29,0
342.33,0.2
342.38,0.4
342.42,0
342.46,0
342.5,0
342.54,0.2
342.58,0
342.63,0.2
342.67,0
342.71,0.6
342.75,0.2
342.79,0
342.83,1.4
342.88,0.8
342.92,0.2
342.96,0
343,1.4
343.04,0.4
343.08,0.2
343.13,0.8
343.17,0.2
343.21,0
343.25,0
343.29,0
343.33,0
343.38,0
343.42,0
343.46,0.6
343.5,0
343.54,0
343.58,0
343.63,0.6
343.67,0
343.71,0
343.75,0
343.79,0
343.83,0
343.88,0
343.92,0
343.96,0
344,0.4
344.04,0.2
344.08,0.4
344.13,0
344.17,0.2
344.21,0.4
344.25,0.4
344.29,2.4
344.33,3
344.38,2.4
344.42,1.6
344.46,1.2
344.5,0.6
344.54,0.4
344.58,0.2
344.63,0
344.67,0
344.71,0.2
344.75,0.2
344.79,0.4
344.83,0.4
344.88,1
344.92,1.2
344.96,1.8
345,1
345.04,1.6
345.08,0.6
345.13,0.4
345.17,0
345.21,0
345.25,0.2
345.29,0.2
345.33,0
345.38,0
345.42,0
345.46,0
345.5,0
345.54,0
345.58,0.6
345.63,0
345.67,0
345.71,0
345.75,1
345.79,0.6
345.83,0
345.88,0
345.92,0
345.96,0
346,0
346.04,0
346.08,0.4
346.13,0.2
346.17,0.2
346.21,0
346.25,0
346.29,0.4
346.33,1.8
346.38,1
346.42,0.8
346.46,0
346.5,0
346.54,0
346.58,0.4
346.63,0
346.67,0
346.71,0
346.75,0
346.79,0
346.83,0
346.88,0
346.92,0
346.96,0
347,0.2
347.04,0
347.08,0
347.13,0
347.17,0.2
347.21,0
347.25,0
347.29,0
347.33,0.2
347.38,0
347.42,0.2
347.46,0
347.5,0.6
347.54,1.4
347.58,1.8
347.63,1.2
347.67,1.4
347.71,1.2
347.75,2.2
347.79,2.4
347.83,2
347.88,1.6
347.92,1.6
347.96,0.2
348,1
348.04,1.8
348.08,2
348.13,2.8
348.17,1.8
348.21,2
348.25,1.4
348.29,1.2
348.33,0.8
348.38,1.2
348.42,2.4
348.46,1.4
348.5,0.4
348.54,1.8
348.58,1.6
348.63,1.4
348.67,1.8
348.71,2.2
348.75,1.2
348.79,0.6
348.83,0.4
348.88,0
348.92,0
348.96,0
349,0
349.04,1
349.08,1
349.13,1
349.17,1.4
349.21,2
349.25,1.6
349.29,1
349.33,1.8
349.38,1.2
349.42,0.8
349.46,0.8
349.5,0.6
349.54,0.4
349.58,0.2
349.63,0.2
349.67,0
349.71,0
349.75,0
349.79,0
349.83,0
349.88,0
349.92,0
349.96,0
350,0
350.04,0
350.08,0
350.13,0
350.17,0
350.21,0.2
350.25,0
350.29,0
350.33,0
350.38,0
350.42,0
350.46,0
350.5,0
350.54,0
350.58,0
350.63,0
350.67,0.2
350.71,0
350.75,0
350.79,0.2
350.83,0
350.88,0
350.92,0
350.96,0
351,0.2
351.04,0
351.08,0
351.13,0
351.17,0
351.21,0
351.25,0
351.29,0
351.33,0
351.38,0
351.42,0
351.46,0
351.5,0
351.54,0
351.58,0
351.63,0.4
351.67,1
351.71,1.6
351.75,1.2
351.79,0
351.83,0.6
351.88,0.2
351.92,0
351.96,0
352,0
352.04,0
352.08,0.2
352.13,0
352.17,0
352.21,0
352.25,0
352.29,0
352.33,0
352.38,0
352.42,0
352.46,0
352.5,0
352.54,0
352.58,0
352.63,0
352.67,0
352.71,0
352.75,0
352.79,0
352.83,0
352.88,0
352.92,0
352.96,0
353,0
353.04,0
353.08,0
353.13,0
353.17,0
353.21,0
353.25,0
353.29,0
353.33,0
353.38,0
353.42,0
353.46,0
353.5,0
353.54,0.2
353.58,0
353.63,0
353.67,0
353.71,0
353.75,0
353.79,0
353.83,0
353.88,0
353.92,0
353.96,0
354,0
354.04,0
354.08,0
354.13,0
354.17,0
354.21,0
354.25,0.2
354.29,0
354.33,0
354.38,0
354.42,0
354.46,0
354.5,0
354.54,0
354.58,0
354.63,0
354.67,0
354.71,0
354.75,0
354.79,0
354.83,0
354.88,0
354.92,0
354.96,0
355,0
355.04,0
355.08,0
355.13,0
355.17,0
355.21,0
355.25,0
355.29,0
355.33,0
355.38,0
355.42,0
355.46,0
355.5,0
355.54,0
355.58,0
355.63,0
355.67,0
355.71,0
355.75,0
355.79,0
355.83,0
355.88,0
355.92,0
355.96,0
356,0
356.04,0
356.08,0
356.13,0
356.17,0
356.21,0
356.25,0
356.29,0
356.33,0
356.38,0
356.42,0
356.46,0
356.5,0
356.54,0
356.58,0
356.63,0
356.67,0
356.71,0
356.75,0
356.79,0
356.83,0
356.88,0
356.92,0
356.96,0
357,0
357.04,0
357.08,0
357.13,0
357.17,0
357.21,0
357.25,0
357.29,0
357.33,0
357.38,0
357.42,0
357.46,0
357.5,0
357.54,0
357.58,0
357.63,0
357.67,0
357.71,0
357.75,0
357.79,0
357.83,0
357.88,0
357.92,0
357.96,0
358,0
358.04,0
358.08,0
358.13,0
358.17,0
358.21,0
358.25,0
358.29,0
358.33,0
358.38,0
358.42,0
358.46,0
358.5,0
358.54,0
358.58,0
358.63,0
358.67,0
358.71,0
358.75,0
358.79,0
358.83,0
358.88,0
358.92,0
358.96,0
359,0
359.04,0
359.08,0
359.13,0
359.17,0
359.21,0
359.25,0
359.29,0
359.33,0
359.38,0
359.42,0
359.46,0
359.5,0
359.54,0
359.58,0
359.63,0
359.67,0
359.71,0
359.75,0
359.79,0
359.83,0
359.88,0
359.92,0
359.96,0
360,0
360.04,0
360.08,0
360.13,0
360.17,0
360.21,0
360.25,0
360.29,0
360.33,0
360.38,0
360.42,0
360.46,0
360.5,0
360.54,0
360.58,0
360.63,0
360.67,0
360.71,0
360.75,0
360.79,0
360.83,0
360.88,0.6
360.92,1.4
360.96,2
361,3
361.04,3.6
361.08,6.4
361.13,0.2
361.17,0.2
361.21,0
361.25,0
361.29,0
361.33,0
361.38,0
361.42,0
361.46,0
361.5,0
361.54,0
361.58,0
361.63,0
361.67,0
361.71,0
361.75,0
361.79,0
361.83,0
361.88,0
361.92,0
361.96,0
362,0.2
362.04,0
362.08,0
362.13,0
362.17,0
362.21,0
362.25,0
362.29,0
362.33,0
362.38,0
362.42,0
362.46,0
362.5,0
362.54,0
362.58,0
362.63,0
362.67,1.4
362.71,3
362.75,5.2
362.79,4.8
362.83,4.8
362.88,1
362.92,0
362.96,0
363,0
363.04,0
363.08,0
363.13,1.6
363.17,9.2
363.21,8.6
363.25,2.4
363.29,0.8
363.33,0.6
363.38,2.8
363.42,0
363.46,0
363.5,0
363.54,0.2
363.58,0
363.63,1.2
363.67,2.4
363.71,1.2
363.75,2.4
363.79,1.6
363.83,3.4
363.88,0
363.92,0
363.96,0
364,0
364.04,0.6
364.08,0.2
364.13,0
364.17,0.6
364.21,0.4
364.25,1
364.29,0.4
364.33,0.8
364.38,0.2
364.42,0
364.46,0
364.5,0
364.54,0
364.58,0
364.63,0.8
364.67,0.6
364.71,0
364.75,0
364.79,0
364.83,0
364.88,0.2
364.92,0
364.96,0
365,0
365.04,0
365.08,0
365.13,0
365.17,0
365.21,0
365.25,0
365.29,0.4
365.33,2
365.38,2.2
365.42,4
365.46,0
365.5,0
365.54,0
365.58,0
365.63,0
365.67,0.2
365.71,0.2
365.75,0.6
365.79,0.2
365.83,0.2
365.88,0
365.92,0
365.96,0.2
366,0.2
366.04,1
366.08,0
366.13,0
366.17,0
366.21,0
366.25,0
366.29,0
366.33,0
366.38,0
366.42,0
366.46,0
366.5,0
366.54,0.2
366.58,0
366.63,0
366.67,0
366.71,1.4
366.75,0.8
366.79,1
366.83,0
366.88,0
366.92,0
366.96,0
367,0
