1	0.981497	0.781854	1.46421	0.230374	85.6029

1	0.0941824	0.0178105	0.0336805	0.083368	0.406357	0.495569	
2	0.0941824	0.0178105	0.0480621	0.0730619	0.381808	0.465438	
3	0.0941824	0.0178105	0.0315207	0.0847322	0.412888	0.430183	
4	0.0941824	0.0178105	0.0360683	0.0883456	0.376955	0.449123	
1	1.00786	0.43086	1.37067	0.236966	87.4157

1	0.0520632	0.016688	0.0477013	0.0608881	0.388168	0.404276	
2	0.0520632	0.016688	0.0365654	0.143273	0.399551	0.442305	
3	0.0520632	0.016688	0.0591723	0.086307	0.435154	0.521189	
4	0.0520632	0.016688	0.0415012	0.112574	0.402664	0.416102	
1	1.47822	0.488937	2.88103	0.354554	119.752

1	0.0590324	0.0348123	0.0338353	0.104438	0.469066	0.493341	
2	0.0590324	0.0348123	0.0546715	0.110652	0.316779	0.383267	
3	0.0590324	0.0348123	0.0398972	0.159893	0.336354	0.414942	
4	0.0590324	0.0348123	0.0559038	0.0820771	0.322828	0.422663	
1	1.62495	0.198584	0.996206	0.391237	129.84

1	0.0241901	0.0121945	0.0411039	0.0881869	0.488867	0.50857	
2	0.0241901	0.0121945	0.0533009	0.144545	0.41572	0.445204	
3	0.0241901	0.0121945	0.031344	0.0777526	0.321131	0.355702	
4	0.0241901	0.0121945	0.0516492	0.144436	0.478277	0.577935	
1	1.69429	0.273232	0.295043	0.408572	134.607

1	0.0331479	0.00378051	0.0344322	0.0652858	0.459099	0.531535	
2	0.0331479	0.00378051	0.0339021	0.066006	0.462499	0.547856	
3	0.0331479	0.00378051	0.0333326	0.118266	0.48894	0.495633	
4	0.0331479	0.00378051	0.0577898	0.117396	0.327857	0.38178	
1	1.73652	0.042848	4.23605	0.419131	137.511

1	0.00550176	0.0510726	0.0596786	0.101911	0.399588	0.47886	
2	0.00550176	0.0510726	0.0372576	0.118162	0.490997	0.537977	
3	0.00550176	0.0510726	0.0359227	0.0935185	0.409555	0.508466	
4	0.00550176	0.0510726	0.0301511	0.0744841	0.466112	0.543898	
1	1.83345	0.750603	1.61894	0.443363	144.175

1	0.0904323	0.0196672	0.043119	0.150963	0.423533	0.510926	
2	0.0904323	0.0196672	0.0494784	0.108476	0.356319	0.420985	
3	0.0904323	0.0196672	0.0531828	0.081131	0.337001	0.393527	
4	0.0904323	0.0196672	0.0542448	0.109138	0.469842	0.476858	
1	1.90999	0.729545	4.98345	0.462498	149.437

1	0.0879054	0.0600414	0.0429981	0.0946599	0.425169	0.436262	
2	0.0879054	0.0600414	0.0487634	0.121812	0.407938	0.4446	
3	0.0879054	0.0600414	0.0408942	0.0947972	0.32906	0.358272	
4	0.0879054	0.0600414	0.0455031	0.106889	0.490075	0.553523	
1	2.41941	0.178655	0.0780563	0.589852	184.459

1	0.0217986	0.00117668	0.0359383	0.0926914	0.329109	0.410959	
2	0.0217986	0.00117668	0.0537715	0.157253	0.444389	0.45945	
3	0.0217986	0.00117668	0.0470797	0.0792267	0.39368	0.445778	
4	0.0217986	0.00117668	0.0353798	0.135005	0.426902	0.476461	
1	2.57285	0.464583	4.53284	0.628213	195.009

1	0.05611	0.0546341	0.0577276	0.111564	0.356349	0.395099	
2	0.05611	0.0546341	0.0467125	0.0834718	0.34789	0.374508	
3	0.05611	0.0546341	0.0383755	0.0884066	0.490258	0.493316	
4	0.05611	0.0546341	0.0320701	0.0763274	0.310175	0.317158	
1	2.74144	0.215033	2.56989	0.67036	206.599

1	0.026164	0.0310787	0.0466805	0.126582	0.494336	0.550929	
2	0.026164	0.0310787	0.0357625	0.0925419	0.461614	0.467162	
3	0.026164	0.0310787	0.0328648	0.107581	0.460265	0.526588	
4	0.026164	0.0310787	0.057344	0.158874	0.420377	0.478246	
1	2.83873	0.250801	2.67884	0.694683	213.288

1	0.0304561	0.0323861	0.0521528	0.107111	0.342244	0.416459	
2	0.0304561	0.0323861	0.0423536	0.0824067	0.327204	0.418003	
3	0.0304561	0.0323861	0.0359978	0.0770324	0.300165	0.329695	
4	0.0304561	0.0323861	0.0356096	0.139345	0.466918	0.498584	
1	3.05676	0.675192	3.72227	0.749189	228.277

1	0.081383	0.0449073	0.042902	0.125349	0.452116	0.521982	
2	0.081383	0.0449073	0.0534419	0.135506	0.474261	0.521738	
3	0.081383	0.0449073	0.0488	0.144619	0.415049	0.50062	
4	0.081383	0.0449073	0.0483624	0.10377	0.486016	0.494595	
1	3.19751	0.464583	0.949512	0.784377	237.954

1	0.05611	0.0116341	0.0497119	0.136937	0.312415	0.335231	
2	0.05611	0.0116341	0.046502	0.0761687	0.369161	0.466198	
3	0.05611	0.0116341	0.0421439	0.134853	0.312946	0.370696	
4	0.05611	0.0116341	0.0415094	0.0787994	0.399252	0.439186	
1	3.28247	0.331858	1.55683	0.805618	243.795

1	0.040183	0.018922	0.032234	0.141661	0.417356	0.463341	
2	0.040183	0.018922	0.0475842	0.0800262	0.426426	0.514274	
3	0.040183	0.018922	0.033199	0.0672024	0.466637	0.514402	
4	0.040183	0.018922	0.0304056	0.138805	0.318567	0.350789	
1	3.55274	0.726249	4.68742	0.873186	262.376

1	0.0875099	0.056489	0.0589966	0.0834626	0.466887	0.552821	
2	0.0875099	0.056489	0.0413089	0.0739958	0.408695	0.503906	
3	0.0875099	0.056489	0.0554295	0.156094	0.313593	0.349281	
4	0.0875099	0.056489	0.0398505	0.10586	0.34626	0.393374	
1	3.67274	0.458876	0.17007	0.903185	270.626

1	0.0554252	0.00228083	0.0302124	0.158215	0.480914	0.52588	
2	0.0554252	0.00228083	0.0570629	0.138133	0.489618	0.521137	
3	0.0554252	0.00228083	0.0333518	0.0905399	0.363649	0.380999	
4	0.0554252	0.00228083	0.0459902	0.0981634	0.433189	0.494293	
1	3.8373	0.929228	0.948749	0.944324	281.939

1	0.111867	0.011625	0.0388598	0.158459	0.37922	0.447044	
2	0.111867	0.011625	0.0423994	0.151717	0.40065	0.435478	
3	0.111867	0.011625	0.0491058	0.0912937	0.409067	0.433811	
4	0.111867	0.011625	0.0495306	0.122493	0.315241	0.381582	
1	0.167751	0.853908	0.683544	0.0269378	29.6579

1	0.102829	0.00844252	0.0322449	0.153374	0.447746	0.489782	
2	0.102829	0.00844252	0.0561876	0.0775237	0.423515	0.467641	
3	0.102829	0.00844252	0.0382345	0.138329	0.437278	0.493573	
4	0.102829	0.00844252	0.0391317	0.108613	0.407804	0.418311	
1	1.96676	0.187078	2.47284	0.476689	153.339

1	0.0228094	0.0299141	0.0364409	0.111704	0.410172	0.418696	
2	0.0228094	0.0299141	0.0337547	0.140477	0.43679	0.49042	
3	0.0228094	0.0299141	0.035323	0.0913639	0.363124	0.433152	
4	0.0228094	0.0299141	0.0428828	0.101563	0.426048	0.457228	
1	0.869921	0.122745	4.88381	0.20248	77.9321

1	0.0150895	0.0588457	0.0454592	0.062942	0.360793	0.446507	
2	0.0150895	0.0588457	0.0497577	0.153121	0.394748	0.405969	
3	0.0150895	0.0588457	0.0519962	0.146798	0.399411	0.458919	
4	0.0150895	0.0588457	0.0364574	0.12039	0.438255	0.534443	
1	1.08685	0.563097	2.74965	0.256712	92.8457

1	0.0679316	0.0332358	0.0301163	0.0867464	0.398764	0.451631	
2	0.0679316	0.0332358	0.0477316	0.107572	0.340992	0.406207	
3	0.0679316	0.0332358	0.0471776	0.0688534	0.376913	0.475704	
4	0.0679316	0.0332358	0.03669	0.14735	0.328907	0.368313	
1	1.17657	0.366558	1.06716	0.279143	99.0143

1	0.0443469	0.0130459	0.0370067	0.0692013	0.391305	0.481326	
2	0.0443469	0.0130459	0.0412687	0.106013	0.401486	0.468261	
3	0.0443469	0.0130459	0.0487149	0.08331	0.480108	0.535951	
4	0.0443469	0.0130459	0.0456652	0.157214	0.361989	0.428462	
1	1.2746	0.0583209	1.62794	0.303649	105.754

1	0.0073585	0.0197753	0.0565401	0.11269	0.487158	0.513794	
2	0.0073585	0.0197753	0.0366021	0.0949742	0.46762	0.554769	
3	0.0073585	0.0197753	0.0535948	0.116447	0.344929	0.375152	
4	0.0073585	0.0197753	0.0522782	0.129329	0.494165	0.52356	
1	2.65513	0.975433	1.26797	0.648783	200.665

1	0.117412	0.0154557	0.0585827	0.11956	0.484381	0.504135	
2	0.117412	0.0154557	0.0443312	0.131868	0.398611	0.454649	
3	0.117412	0.0154557	0.0335121	0.135362	0.389206	0.466906	
4	0.117412	0.0154557	0.0541459	0.109583	0.358016	0.41511	
1	2.71568	0.833766	0.598092	0.66392	204.828

1	0.100412	0.0074171	0.0472372	0.104151	0.327338	0.39086	
2	0.100412	0.0074171	0.0587658	0.0632594	0.439476	0.465014	
3	0.100412	0.0074171	0.0462841	0.0753478	0.482922	0.509833	
4	0.100412	0.0074171	0.0484759	0.0744688	0.465703	0.496637	
1	2.76549	0.835688	1.33023	0.676372	208.252

1	0.100643	0.0162028	0.0410645	0.138851	0.3232	0.374026	
2	0.100643	0.0162028	0.0451744	0.106837	0.473077	0.543925	
3	0.100643	0.0162028	0.0504709	0.105601	0.340248	0.365523	
4	0.100643	0.0162028	0.0501285	0.10217	0.417411	0.418934	
1	2.90746	0.609119	1.73506	0.711865	218.013

1	0.0734543	0.0210607	0.0539665	0.144872	0.4554	0.487674	
2	0.0734543	0.0210607	0.0513489	0.146151	0.368783	0.391876	
3	0.0734543	0.0210607	0.0314347	0.141362	0.375527	0.389743	
4	0.0734543	0.0210607	0.0557958	0.114665	0.459093	0.525666	
1	3.42762	0.669149	3.97756	0.841904	253.774

1	0.0806579	0.0479707	0.0339268	0.123115	0.332148	0.359893	
2	0.0806579	0.0479707	0.0558644	0.157107	0.319617	0.411756	
3	0.0806579	0.0479707	0.0463482	0.145199	0.334053	0.339186	
4	0.0806579	0.0479707	0.04185	0.111875	0.33097	0.354527	
1	1.86922	0.193762	2.95671	0.452305	146.634

1	0.0236114	0.0357206	0.0396426	0.0862917	0.468609	0.562148	
2	0.0236114	0.0357206	0.0340989	0.15841	0.34734	0.438343	
3	0.0236114	0.0357206	0.0364235	0.095725	0.360652	0.374981	
4	0.0236114	0.0357206	0.0382253	0.0994574	0.434959	0.452071	
1	1.89119	0.234626	2.87874	0.457798	148.144

1	0.0285152	0.0347849	0.0513279	0.117558	0.386782	0.402734	
2	0.0285152	0.0347849	0.0545204	0.133583	0.36213	0.369066	
3	0.0285152	0.0347849	0.0394659	0.0970373	0.345875	0.367486	
4	0.0285152	0.0347849	0.037752	0.119645	0.389712	0.457888	
1	2.05148	0.0967742	3.67298	0.497869	159.164

1	0.0119729	0.0443158	0.0576379	0.0715452	0.421464	0.455791	
2	0.0119729	0.0443158	0.0417722	0.152132	0.470202	0.53726	
3	0.0119729	0.0443158	0.0306116	0.0975286	0.35425	0.421799	
4	0.0119729	0.0443158	0.0353871	0.139937	0.400821	0.484024	
1	2.11325	0.939177	1.18069	0.513311	163.411

1	0.113061	0.0144083	0.0523835	0.150573	0.336323	0.342909	
2	0.113061	0.0144083	0.0393204	0.0821656	0.311872	0.351115	
3	0.113061	0.0144083	0.0310034	0.0830415	0.385336	0.418854	
4	0.113061	0.0144083	0.0422373	0.142287	0.436943	0.52768	
1	0.309479	0.609485	1.89009	0.0623698	39.4017

1	0.0734982	0.0229211	0.0463674	0.138124	0.477154	0.527598	
2	0.0734982	0.0229211	0.056433	0.0660121	0.490716	0.521253	
3	0.0734982	0.0229211	0.0486297	0.135402	0.44246	0.51894	
4	0.0734982	0.0229211	0.0307984	0.0934758	0.333149	0.338206	
1	0.455358	0.663106	4.5536	0.0988394	49.4308

1	0.0799327	0.0548831	0.0395749	0.15892	0.449022	0.475896	
2	0.0799327	0.0548831	0.0363192	0.100809	0.389108	0.447517	
3	0.0799327	0.0548831	0.0383288	0.0895816	0.402322	0.423612	
4	0.0799327	0.0548831	0.0581982	0.0641871	0.402969	0.41872	
1	0.932179	0.969451	4.67765	0.218045	82.2123

1	0.116694	0.0563718	0.0481985	0.106107	0.313379	0.400397	
2	0.116694	0.0563718	0.0543657	0.0609644	0.310639	0.373782	
3	0.116694	0.0563718	0.0330296	0.0726347	0.30285	0.306085	
4	0.116694	0.0563718	0.0593719	0.0668392	0.408158	0.423338	
1	1.02544	0.725028	2.52793	0.241361	88.6242

1	0.0873634	0.0305752	0.0433634	0.0718625	0.321625	0.331278	
2	0.0873634	0.0305752	0.0572442	0.155346	0.37355	0.446315	
3	0.0873634	0.0305752	0.0574291	0.123671	0.41818	0.428751	
4	0.0873634	0.0305752	0.045905	0.0890994	0.426566	0.469897	
