DATE[day/month/year hour:min],t[days],JDfrom0,JD,50 ,150 ,250 ,350  
2/1/2006  0:00,0.000000,732679.000000,1.000000,-490.000000,-490.000000,-490.000000,-490.000000 
2/1/2006  2:00,0.083333,732679.083333,1.083333,-413.195312,-489.999969,-490.000000,-489.999959 
2/1/2006  4:00,0.166667,732679.166667,1.166667,-413.195383,-489.999923,-490.000000,-489.999919 
2/1/2006  6:00,0.250000,732679.250000,1.250000,-413.195455,-489.999878,-490.000000,-489.999878 
2/1/2006  8:00,0.333333,732679.333333,1.333333,-413.195526,-489.999832,-490.000000,-489.999837 
2/1/2006 10:00,0.416667,732679.416667,1.416667,-413.195597,-489.999787,-490.000000,-489.999796 
2/1/2006 12:00,0.500000,732679.500000,1.500000,-413.195668,-489.999742,-490.000000,-489.999756 
2/1/2006 14:00,0.583333,732679.583333,1.583333,-413.195740,-489.999696,-490.000000,-489.999715 
2/1/2006 16:00,0.666667,732679.666667,1.666667,-413.195811,-489.999651,-490.000000,-489.999674 
2/1/2006 18:00,0.750000,732679.750000,1.750000,-413.195882,-489.999605,-490.000000,-489.999634 
2/1/2006 20:00,0.833333,732679.833333,1.833333,-413.195953,-489.999560,-490.000000,-489.999593 
2/1/2006 22:00,0.916667,732679.916667,1.916667,-413.196025,-489.999515,-490.000000,-489.999552 
3/1/2006  0:00,1.000000,732680.000000,2.000000,-413.196096,-489.999469,-490.000000,-489.999511 
3/1/2006  2:00,1.083333,732680.083333,2.083333,-413.196167,-489.999424,-490.000000,-489.999471 
3/1/2006  4:00,1.166667,732680.166667,2.166667,-413.196238,-489.999378,-490.000000,-489.999430 
3/1/2006  6:00,1.250000,732680.250000,2.250000,-413.196310,-489.999333,-490.000000,-489.999389 
3/1/2006  8:00,1.333333,732680.333333,2.333333,-413.196381,-489.999288,-490.000000,-489.999349 
3/1/2006 10:00,1.416667,732680.416667,2.416667,-413.196452,-489.999242,-490.000000,-489.999308 
3/1/2006 12:00,1.500000,732680.500000,2.500000,-413.196523,-489.999197,-490.000000,-489.999267 
3/1/2006 14:00,1.583333,732680.583333,2.583333,-413.196595,-489.999151,-490.000000,-489.999226 
3/1/2006 16:00,1.666667,732680.666667,2.666667,-413.196666,-489.999106,-490.000000,-489.999186 
3/1/2006 18:00,1.750000,732680.750000,2.750000,-413.196737,-489.999060,-490.000000,-489.999145 
3/1/2006 20:00,1.833333,732680.833333,2.833333,-413.196808,-489.999015,-490.000000,-489.999104 
3/1/2006 22:00,1.916667,732680.916667,2.916667,-413.196880,-489.998970,-490.000000,-489.999064 
4/1/2006  0:00,2.000000,732681.000000,3.000000,-413.196951,-489.998924,-490.000000,-489.999023 
4/1/2006  2:00,2.083333,732681.083333,3.083333,-413.197022,-489.998879,-490.000000,-489.998982 
4/1/2006  4:00,2.166667,732681.166667,3.166667,-349.583246,-489.998802,-490.000000,-489.998941 
4/1/2006  6:00,2.250000,732681.250000,3.250000,-291.656439,-489.998676,-490.000000,-489.998901 
4/1/2006  8:00,2.333333,732681.333333,3.333333,-248.153572,-489.998503,-490.000000,-489.998860 
4/1/2006 10:00,2.416667,732681.416667,3.416667,-248.153681,-489.998312,-490.000000,-489.998819 
4/1/2006 12:00,2.500000,732681.500000,3.500000,-248.153790,-489.998122,-490.000000,-489.998779 
4/1/2006 14:00,2.583333,732681.583333,3.583333,-248.153899,-489.997932,-490.000000,-489.998738 
4/1/2006 16:00,2.666667,732681.666667,3.666667,-248.154007,-489.997742,-490.000000,-489.998697 
4/1/2006 18:00,2.750000,732681.750000,3.750000,-248.154116,-489.997552,-490.000000,-489.998656 
4/1/2006 20:00,2.833333,732681.833333,3.833333,-248.154225,-489.997361,-490.000000,-489.998616 
4/1/2006 22:00,2.916667,732681.916667,3.916667,-248.154334,-489.997171,-490.000000,-489.998575 
5/1/2006  0:00,3.000000,732682.000000,4.000000,-211.674976,-489.996956,-490.000000,-489.998534 
5/1/2006  2:00,3.083333,732682.083333,4.083333,-211.675083,-489.996727,-490.000000,-489.998494 
5/1/2006  4:00,3.166667,732682.166667,4.166667,-211.675190,-489.996498,-490.000000,-489.998453 
5/1/2006  6:00,3.250000,732682.250000,4.250000,-211.675297,-489.996269,-490.000000,-489.998412 
5/1/2006  8:00,3.333333,732682.333333,4.333333,-211.675404,-489.996040,-490.000000,-489.998371 
5/1/2006 10:00,3.416667,732682.416667,4.416667,-211.675511,-489.995811,-490.000000,-489.998331 
5/1/2006 12:00,3.500000,732682.500000,4.500000,-211.675618,-489.995582,-490.000000,-489.998290 
5/1/2006 14:00,3.583333,732682.583333,4.583333,-211.675725,-489.995353,-490.000000,-489.998249 
5/1/2006 16:00,3.666667,732682.666667,4.666667,-211.675832,-489.995124,-490.000000,-489.998209 
5/1/2006 18:00,3.750000,732682.750000,4.750000,-211.675939,-489.994895,-490.000000,-489.998168 
5/1/2006 20:00,3.833333,732682.833333,4.833333,-211.676046,-489.994666,-490.000000,-489.998127 
5/1/2006 22:00,3.916667,732682.916667,4.916667,-211.676153,-489.994437,-490.000000,-489.998086 
6/1/2006  0:00,4.000000,732683.000000,5.000000,-211.676260,-489.994208,-490.000000,-489.998046 
6/1/2006  2:00,4.083333,732683.083333,5.083333,-211.676367,-489.993979,-490.000000,-489.998005 
6/1/2006  4:00,4.166667,732683.166667,5.166667,-211.676474,-489.993749,-490.000000,-489.997964 
6/1/2006  6:00,4.250000,732683.250000,5.250000,-211.676581,-489.993520,-490.000000,-489.997924 
6/1/2006  8:00,4.333333,732683.333333,5.333333,-211.676688,-489.993291,-490.000000,-489.997883 
6/1/2006 10:00,4.416667,732683.416667,5.416667,-180.946450,-489.993040,-490.000000,-489.997842 
6/1/2006 12:00,4.500000,732683.500000,5.500000,-180.946552,-489.992778,-490.000000,-489.997801 
6/1/2006 14:00,4.583333,732683.583333,5.583333,-180.618421,-489.992515,-490.000000,-489.997761 
6/1/2006 16:00,4.666667,732683.666667,5.666667,-154.172222,-489.992232,-490.000000,-489.997720 
6/1/2006 18:00,4.750000,732683.750000,5.750000,-135.110613,-489.991926,-490.000000,-489.997679 
6/1/2006 20:00,4.833333,732683.833333,5.833333,-118.708018,-489.991601,-490.000000,-489.997639 
6/1/2006 22:00,4.916667,732683.916667,5.916667,-105.444842,-489.991261,-490.000000,-489.997598 
7/1/2006  0:00,5.000000,732684.000000,6.000000,-94.508361,-489.990908,-490.000000,-489.997557 
7/1/2006  2:00,5.083333,732684.083333,6.083333,-85.326462,-489.990546,-490.000000,-489.997516 
7/1/2006  4:00,5.166667,732684.166667,6.166667,-77.523882,-489.990176,-490.000000,-489.997476 
7/1/2006  6:00,5.250000,732684.250000,6.250000,-70.808873,-489.989799,-490.000000,-489.997435 
7/1/2006  8:00,5.333333,732684.333333,6.333333,-64.967075,-489.989416,-490.000000,-489.997394 
7/1/2006 10:00,5.416667,732684.416667,6.416667,-59.837347,-489.989028,-490.000000,-489.997354 
7/1/2006 12:00,5.500000,732684.500000,6.500000,-55.296139,-489.988635,-490.000000,-489.997313 
7/1/2006 14:00,5.583333,732684.583333,6.583333,-51.247089,-489.988239,-490.000000,-489.997272 
7/1/2006 16:00,5.666667,732684.666667,6.666667,-47.613901,-489.987839,-490.000000,-489.997231 
7/1/2006 18:00,5.750000,732684.750000,6.750000,-44.335354,-489.987437,-490.000000,-489.997191 
7/1/2006 20:00,5.833333,732684.833333,6.833333,-41.436110,-489.987031,-490.000000,-489.997150 
7/1/2006 22:00,5.916667,732684.916667,6.916667,-38.708963,-489.986623,-490.000000,-489.997109 
8/1/2006  0:00,6.000000,732685.000000,7.000000,-36.214545,-489.986213,-490.000000,-489.997069 
8/1/2006  2:00,6.083333,732685.083333,7.083333,-33.924213,-489.985801,-490.000000,-489.997028 
8/1/2006  4:00,6.166667,732685.166667,7.166667,-31.813851,-489.985386,-490.000000,-489.996987 
8/1/2006  6:00,6.250000,732685.250000,7.250000,-29.863004,-489.984971,-490.000000,-489.996946 
8/1/2006  8:00,6.333333,732685.333333,7.333333,-28.054206,-489.984553,-490.000000,-489.996906 
8/1/2006 10:00,6.416667,732685.416667,7.416667,-26.372450,-489.984134,-490.000000,-489.996865 
8/1/2006 12:00,6.500000,732685.500000,7.500000,-24.804766,-489.983714,-490.000000,-489.996824 
8/1/2006 14:00,6.583333,732685.583333,7.583333,-23.339887,-489.983292,-490.000000,-489.996784 
8/1/2006 16:00,6.666667,732685.666667,7.666667,-21.967978,-489.982869,-490.000000,-489.996743 
8/1/2006 18:00,6.750000,732685.750000,7.750000,-20.680408,-489.982445,-490.000000,-489.996702 
8/1/2006 20:00,6.833333,732685.833333,7.833333,-19.469575,-489.982020,-490.000000,-489.996661 
8/1/2006 22:00,6.916667,732685.916667,7.916667,-18.328754,-489.981594,-490.000000,-489.996621 
9/1/2006  0:00,7.000000,732686.000000,8.000000,-17.251973,-489.981167,-490.000000,-489.996580 
9/1/2006  2:00,7.083333,732686.083333,8.083333,-16.233908,-489.980739,-490.000000,-489.996539 
9/1/2006  4:00,7.166667,732686.166667,8.166667,-15.269797,-489.980311,-490.000000,-489.996499 
9/1/2006  6:00,7.250000,732686.250000,8.250000,-14.355367,-489.979881,-490.000000,-489.996458 
9/1/2006  8:00,7.333333,732686.333333,8.333333,-13.486770,-489.979451,-490.000000,-489.996417 
9/1/2006 10:00,7.416667,732686.416667,8.416667,-12.660530,-489.979020,-490.000000,-489.996376 
9/1/2006 12:00,7.500000,732686.500000,8.500000,-11.873499,-489.978589,-490.000000,-489.996336 
9/1/2006 14:00,7.583333,732686.583333,8.583333,-11.122815,-489.978157,-490.000000,-489.996295 
9/1/2006 16:00,7.666667,732686.666667,8.666667,-10.405871,-489.977724,-490.000000,-489.996254 
9/1/2006 18:00,7.750000,732686.750000,8.750000,-9.720281,-489.977290,-490.000000,-489.996214 
9/1/2006 20:00,7.833333,732686.833333,8.833333,-9.063861,-489.976857,-490.000000,-489.996173 
9/1/2006 22:00,7.916667,732686.916667,8.916667,-8.434597,-489.976422,-490.000000,-489.996132 
10/1/2006  0:00,8.000000,732687.000000,9.000000,-7.830631,-489.975987,-490.000000,-489.996091 
