/** Soil parameters and initial condition															
															
Each block corresponds to each soil type given in the correspondent map.
If no soil type file is provided, the first block parameters and initial conditions will be used

The following data give the values of the main soil properties (column) to each soil layer (row).

layer 1
layer 2
layer 3
.....

#1	Thickness(mm)
#2	Initial psi(mm)
#3	Initial T(C)
#4	Kh(mm/s)
#5	Kv(mm/s)
#6	theta_res
#7  wilting point
#8  field capacity
#9	theta_sat
#10	alpha(mm^-1)
#11	n
#12	v
#13	k_thermal_solid(W m^-1 K^-1)
#14	c_thermal_solid(J m^-3 K^-1)
#15 specific storativity (mm^-1) 
*/

index{15}

1: float matrix soil_types {4,15}
100	-1000	1.0		0.02		0.02		0.05		0.17 0.37  0.5	0.396	2.1	0.5	8.61	2136290	1.E-5
150	-875	0.5		0.01		0.01		0.05		0.17  0.37  0.5	0.396	2.1	0.5	8.61	2136290	1.E-5
450	-400	-0.5	0.0005	0.0005	0.05	0.17  0.37	0.5	0.396	2.1	0.5	8.61	2136290	1.E-5	500	50	0	0.0001	0.0001	0.05	0.17	0.37	0.5	0.396	2.1	0.5	8.61	2136290	1.E-52: float matrix soil_types {4,15}100	-1000	1.0		0.02		0.02		0.05		0.17 0.37  0.5	0.396	2.1	0.5	8.61	2136290	1.E-5150	-875	0.5		0.01		0.01		0.05		0.17  0.37  0.5	0.396	2.1	0.5	8.61	2136290	1.E-5450	-400	-0.5	0.0005	0.0005	0.05	0.17  0.37	0.5	0.396	2.1	0.5	8.61	2136290	1.E-5	500	50	0	0.0001	0.0001	0.05	0.17	0.37	0.5	0.396	2.1	0.5	8.61	2136290	1.E-53: float matrix soil_types {4,15}100	-1000	1.0		0.02		0.02		0.05		0.17 0.37  0.5	0.396	2.1	0.5	8.61	2136290	1.E-5150	-875	0.5		0.01		0.01		0.05		0.17  0.37  0.5	0.396	2.1	0.5	8.61	2136290	1.E-5450	-400	-0.5	0.0005	0.0005	0.05	0.17  0.37	0.5	0.396	2.1	0.5	8.61	2136290	1.E-5	500	50	0	0.0001	0.0001	0.05	0.17	0.37	0.5	0.396	2.1	0.5	8.61	2136290	1.E-54: float matrix soil_types {4,15}100	-1000	1.0		0.03		0.03		0.05		0.17 0.37  0.43	0.246	1.5	0.5	7.18	2198768	1.E-5150	-875	0.5		0.02		0.02		0.05		0.17  0.37  0.43	0.246	1.5	0.5	7.18	2198768	1.E-5450	-400	-0.5	0.001	0.001	0.05  0.17  0.37	0.43	0.246	1.5	0.5	7.18	2198768	1.E-5	500	50	0	0.0001	0.0005	0.05	0.17	0.37	0.43	0.246	1.5	0.5	7.18	2198768	1.E-55: float matrix soil_types {4,15}100	-1000	1.0		0.03		0.03		0.05		0.17 0.37  0.43	0.246	1.5	0.5	7.18	2198768	1.E-5150	-875	0.5		0.02		0.02		0.05		0.17  0.37  0.43	0.246	1.5	0.5	7.18	2198768	1.E-5450	-400	-0.5	0.001	0.001	0.05  0.17  0.37	0.43	0.246	1.5	0.5	7.18	2198768	1.E-5	500	50	0	0.0001	0.0005	0.05	0.17	0.37	0.43	0.246	1.5	0.5	7.18	2198768	1.E-56: float matrix soil_types {4,15}100	-1000	1.0		0.03		0.03		0.05		0.17 0.37  0.43	0.246	1.5	0.5	7.18	2198768	1.E-5150	-875	0.5		0.02		0.02		0.05		0.17  0.37  0.43	0.246	1.5	0.5	7.18	2198768	1.E-5450	-400	-0.5	0.001	0.001	0.05  0.17  0.37	0.43	0.246	1.5	0.5	7.18	2198768	1.E-5	500	50	0	0.0001	0.0005	0.05	0.17	0.37	0.43	0.246	1.5	0.5	7.18	2198768	1.E-57: float matrix soil_types {4,15}100	-1000	1.0		0.03		0.03		0.05		0.17 0.37  0.43	0.246	1.5	0.5	7.18	2198768	1.E-5150	-875	0.5		0.02		0.02		0.05		0.17  0.37  0.43	0.246	1.5	0.5	7.18	2198768	1.E-5450	-400	-0.5	0.001	0.001	0.05  0.17  0.37	0.43	0.246	1.5	0.5	7.18	2198768	1.E-5	500	50	0	0.0001	0.0005	0.05	0.17	0.37	0.43	0.246	1.5	0.5	7.18	2198768	1.E-58: float matrix soil_types {4,15}100	-1000	1.0		0.03		0.03		0.05		0.17 0.37  0.43	0.246	1.5	0.5	7.18	2198768	1.E-5150	-875	0.5		0.02		0.02		0.05		0.17  0.37  0.43	0.246	1.5	0.5	7.18	2198768	1.E-5450	-400	-0.5	0.001	0.001	0.05  0.17  0.37	0.43	0.246	1.5	0.5	7.18	2198768	1.E-5	500	50	0	0.0001	0.0005	0.05	0.17	0.37	0.43	0.246	1.5	0.5	7.18	2198768	1.E-59: float matrix soil_types {4,15}100	-1000	1.0		0.03		0.03		0.05		0.17 0.37  0.43	0.246	1.5	0.5	7.18	2198768	1.E-5150	-875	0.5		0.02		0.02		0.05		0.17  0.37  0.43	0.246	1.5	0.5	7.18	2198768	1.E-5450	-400	-0.5	0.001	0.001	0.05  0.17  0.37	0.43	0.246	1.5	0.5	7.18	2198768	1.E-5	500	50	0	0.0001	0.0005	0.05	0.17	0.37	0.43	0.246	1.5	0.5	7.18	2198768	1.E-510: float matrix soil_types {4,15}100	-1000	1.0		0.03		0.03		0.05		0.17 0.37  0.43	0.246	1.5	0.5	7.18	2198768	1.E-5150	-875	0.5		0.02		0.02		0.05		0.17  0.37  0.43	0.246	1.5	0.5	7.18	2198768	1.E-5450	-400	-0.5	0.001	0.001	0.05  0.17  0.37	0.43	0.246	1.5	0.5	7.18	2198768	1.E-5	500	50	0	0.0001	0.0005	0.05	0.17	0.37	0.43	0.246	1.5	0.5	7.18	2198768	1.E-511: float matrix soil_types {4,15}100	-1000	1.0		0.03		0.03		0.05		0.17 0.37  0.43	0.246	1.5	0.5	7.18	2198768	1.E-5150	-875	0.5		0.02		0.02		0.05		0.17  0.37  0.43	0.246	1.5	0.5	7.18	2198768	1.E-5450	-400	-0.5	0.001	0.001	0.05  0.17  0.37	0.43	0.246	1.5	0.5	7.18	2198768	1.E-5	500	50	0	0.0001	0.0005	0.05	0.17	0.37	0.43	0.246	1.5	0.5	7.18	2198768	1.E-512: float matrix soil_types {4,15}100	-1000	1.0		0.03		0.03		0.05		0.17 0.37  0.43	0.246	1.5	0.5	7.18	2198768	1.E-5150	-875	0.5		0.02		0.02		0.05		0.17  0.37  0.43	0.246	1.5	0.5	7.18	2198768	1.E-5450	-400	-0.5	0.001	0.001	0.05  0.17  0.37	0.43	0.246	1.5	0.5	7.18	2198768	1.E-5	500	50	0	0.0001	0.0005	0.05	0.17	0.37	0.43	0.246	1.5	0.5	7.18	2198768	1.E-513: float matrix soil_types {4,15}100	-1000	1.0		0.03		0.03		0.05		0.17 0.37  0.43	0.246	1.5	0.5	7.18	2198768	1.E-5150	-875	0.5		0.02		0.02		0.05		0.17  0.37  0.43	0.246	1.5	0.5	7.18	2198768	1.E-5450	-400	-0.5	0.001	0.001	0.05  0.17  0.37	0.43	0.246	1.5	0.5	7.18	2198768	1.E-5	500	50	0	0.0001	0.0005	0.05	0.17	0.37	0.43	0.246	1.5	0.5	7.18	2198768	1.E-514: float matrix soil_types {4,15}100	-1000	1.0		0.03		0.03		0.05		0.17 0.37  0.43	0.246	1.5	0.5	7.18	2198768	1.E-5150	-875	0.5		0.02		0.02		0.05		0.17  0.37  0.43	0.246	1.5	0.5	7.18	2198768	1.E-5450	-400	-0.5	0.001	0.001	0.05  0.17  0.37	0.43	0.246	1.5	0.5	7.18	2198768	1.E-5	500	50	0	0.0001	0.0005	0.05	0.17	0.37	0.43	0.246	1.5	0.5	7.18	2198768	1.E-5
15: float matrix soil_types {4,15}100	-1000	1.0		0.05		0.05		0.05		0.17 0.37  0.43	0.246	1.4	0.5	7.53	2183353	1.E-5150	-875	0.5		0.03		0.03		0.05		0.17  0.37  0.43	0.246	1.4	0.5	7.53	2183353	1.E-5450	-400	-0.5	0.005	0.005	0.05  0.17  0.37	0.43	0.246	1.4	0.5	7.53	2183353	1.E-5	500	50	0	0.001	0.001	0.05	0.17	0.37	0.43	0.246	1.4	0.5	7.53	2183353	1.E-5